Realization 0:
	ActiveActor 0:
		1 
	PassiveActor 1:
		MolID 0:
			Count:
				2 2 2 2 2 2 2 2 2 2 2 2 2 2 2 2 2 2 2 2 2 2 2 2 2 2 2 2 2 2 2 2 2 2 2 2 2 2 2 2 2 2 2 2 2 2 2 2 2 2 2 2 2 2 2 2 2 2 2 2 2 2 2 2 2 2 2 2 2 2 2 2 2 2 2 2 2 2 2 2 2 2 2 2 2 2 2 2 2 2 2 2 2 2 2 2 2 2 2 2 2 2 2 2 2 2 2 2 2 2 2 2 2 2 2 2 2 2 2 2 2 2 2 2 2 2 2 2 2 2 2 2 2 2 2 2 2 2 2 2 2 2 2 2 2 2 2 2 2 2 2 2 2 2 2 2 2 2 2 2 2 2 2 2 2 2 2 2 2 2 2 2 2 2 2 2 2 2 2 2 2 2 2 2 2 2 2 2 2 2 2 2 2 2 2 2 2 2 2 2 2 2 2 2 2 2 2 2 2 2 2 2 2 2 2 2 2 2 2 2 2 2 2 2 2 2 2 2 2 2 2 2 2 2 2 2 2 2 2 2 2 2 2 2 2 2 2 2 2 2 2 2 2 2 2 2 2 2 2 2 2 2 2 2 2 2 2 2 2 2 2 2 2 2 2 2 2 2 2 2 2 2 2 2 2 2 2 2 2 2 2 2 2 2 2 2 2 2 2 2 2 2 2 2 2 2 2 2 2 2 2 2 2 2 2 2 2 2 2 2 2 2 2 2 2 2 2 2 2 2 2 2 2 2 2 2 2 2 2 2 2 2 2 2 2 2 2 2 2 2 2 2 2 2 2 2 2 2 2 2 2 2 2 2 2 2 2 2 2 2 2 2 2 2 2 2 2 2 2 2 2 2 2 2 2 2 2 2 2 2 2 2 2 2 2 2 2 2 2 2 2 2 2 2 2 2 2 2 2 2 2 2 2 2 2 2 2 2 2 2 2 2 2 2 2 2 2 2 2 2 2 2 2 2 2 2 2 2 2 2 2 2 2 2 2 2 2 2 2 2 2 2 2 2 2 2 2 2 2 2 2 2 2 2 2 2 2 2 2 2 2 2 2 2 2 2 2 2 2 2 2 2 2 2 2 2 2 2 2 2 2 2 2 2 2 2 2 2 2 2 2 2 2 2 2 2 2 2 2 2 2 2 2 2 2 2 2 2 2 2 2 2 2 2 2 2 2 2 2 2 2 2 2 2 2 2 2 2 2 2 2 2 2 2 2 2 2 2 2 2 2 2 2 2 2 2 2 2 2 2 2 2 2 2 2 2 2 2 2 2 2 2 2 2 2 2 2 2 2 2 2 2 2 2 2 2 2 2 2 2 2 2 2 2 2 2 2 2 2 2 2 2 2 2 2 2 2 2 2 2 2 2 2 2 2 2 2 2 2 2 2 2 2 2 2 2 2 2 2 2 2 2 2 2 2 2 2 2 2 2 2 2 2 2 2 2 2 2 2 2 2 2 2 2 2 2 2 2 2 2 2 2 2 2 2 2 2 2 2 2 2 2 2 2 2 2 2 2 2 2 2 2 2 2 2 2 2 2 2 2 2 2 2 2 2 2 2 2 2 2 2 2 2 2 2 2 2 2 2 2 2 2 2 2 2 2 2 2 2 2 2 2 2 2 2 2 2 2 2 2 2 2 2 2 2 2 2 2 2 2 2 2 2 2 2 2 2 2 2 2 2 2 2 2 2 2 2 2 2 2 2 2 2 2 2 2 2 2 2 2 2 2 2 2 2 2 2 2 2 2 2 2 2 2 2 2 2 2 2 2 2 2 2 2 2 2 2 2 2 2 2 2 2 2 2 2 2 2 2 2 2 2 2 2 2 2 2 2 2 2 2 2 2 2 2 2 2 2 2 2 2 2 2 2 2 2 2 2 2 2 2 2 2 2 2 2 2 2 2 2 2 2 2 2 2 2 2 2 2 2 2 2 2 2 2 2 2 2 2 2 2 2 2 2 2 2 2 2 2 2 2 2 2 2 2 2 2 2 2 2 2 2 2 2 2 2 2 2 2 2 2 2 2 2 2 2 2 2 2 2 2 2 2 2 2 2 2 2 2 2 2 2 2 2 2 2 2 2 2 2 2 2 2 2 2 2 2 2 2 2 2 2 2 2 2 2 2 2 2 2 2 2 2 2 2 2 2 2 2 2 2 2 2 2 2 2 2 2 2 2 2 2 2 2 2 2 2 2 2 2 2 2 2 2 2 2 2 2 2 2 2 2 2 2 2 2 2 2 2 2 
			Position:
				((1.522396e-06, 6.727238e-06, 7.670936e-06) (4.973779e-06, 6.926506e-07, 7.590829e-06) )
				((4.586658e-06, 3.291112e-07, 7.862442e-06) (1.801217e-06, 6.954792e-06, 7.764812e-06) )
				((4.509081e-06, 6.970487e-07, 7.673589e-06) (1.741482e-06, 7.505650e-06, 8.083173e-06) )
				((4.558059e-06, 7.068643e-07, 7.301029e-06) (1.981704e-06, 7.677420e-06, 7.915211e-06) )
				((4.172303e-06, 1.033687e-06, 7.837829e-06) (1.898387e-06, 7.243641e-06, 8.082580e-06) )
				((4.498689e-06, 1.236172e-06, 7.940023e-06) (1.905159e-06, 7.381689e-06, 8.468081e-06) )
				((4.352376e-06, 1.347147e-06, 7.550602e-06) (1.678846e-06, 7.870880e-06, 8.105056e-06) )
				((4.604378e-06, 1.389567e-06, 7.275321e-06) (1.781474e-06, 8.082666e-06, 8.650201e-06) )
				((5.005265e-06, 2.199831e-06, 7.109333e-06) (1.501095e-06, 8.117458e-06, 8.409046e-06) )
				((4.911093e-06, 2.731274e-06, 7.668818e-06) (1.037504e-06, 8.707323e-06, 8.571880e-06) )
				((5.302100e-06, 3.483041e-06, 7.255868e-06) (9.957440e-07, 8.995573e-06, 8.786330e-06) )
				((5.651145e-06, 3.599627e-06, 6.591004e-06) (6.194380e-07, 8.902292e-06, 8.678363e-06) )
				((5.913421e-06, 3.279333e-06, 6.480718e-06) (5.860912e-08, 9.205187e-06, 8.225527e-06) )
				((5.713587e-06, 3.153206e-06, 6.130251e-06) (2.896746e-07, 9.334508e-06, 8.707929e-06) )
				((4.783595e-06, 3.067101e-06, 4.974673e-06) (2.570428e-07, 9.977072e-06, 8.650761e-06) )
				((4.802843e-06, 2.739000e-06, 4.192265e-06) (1.757702e-07, 9.735784e-06, 8.821758e-06) )
				((4.930564e-06, 3.167803e-06, 4.625209e-06) (8.649976e-07, 9.364979e-06, 8.750104e-06) )
				((4.774670e-06, 3.281968e-06, 5.445214e-06) (1.572774e-06, 9.223664e-06, 9.487962e-06) )
				((4.104664e-06, 3.243159e-06, 5.704080e-06) (1.672968e-06, 9.690694e-06, 9.669862e-06) )
				((3.559514e-06, 3.082356e-06, 5.258005e-06) (1.887069e-06, 9.727610e-06, 9.874019e-06) )
				((4.465431e-06, 3.722286e-06, 5.130584e-06) (1.161649e-06, 9.357450e-06, 9.746842e-06) )
				((4.086705e-06, 3.444099e-06, 5.917255e-06) (5.022823e-07, 9.358080e-06, 9.452306e-06) )
				((3.674104e-06, 3.305897e-06, 6.029812e-06) (3.345660e-07, 9.860022e-06, 9.029022e-06) )
				((4.416628e-06, 3.131200e-06, 6.184713e-06) (5.878368e-07, 9.917610e-06, 9.017201e-06) )
				((4.129104e-06, 3.402096e-06, 5.931075e-06) (8.814796e-07, 9.836992e-06, 8.754380e-06) )
				((4.344416e-06, 2.493069e-06, 5.989116e-06) (9.364152e-07, 9.906371e-06, 9.434574e-06) )
				((4.068127e-06, 2.611482e-06, 6.184216e-06) (7.523615e-07, 9.649360e-06, 9.338963e-06) )
				((4.219849e-06, 2.571829e-06, 7.097363e-06) (9.590771e-08, 9.630397e-06, 9.510211e-06) )
				((4.594311e-06, 3.044036e-06, 6.806813e-06) (6.574696e-07, 9.753419e-06, 8.375183e-06) )
				((4.711385e-06, 3.216140e-06, 6.575560e-06) (8.014698e-07, 9.097193e-06, 8.983059e-06) )
				((5.527205e-06, 3.040509e-06, 6.087125e-06) (4.555664e-07, 9.850407e-06, 9.426477e-06) )
				((6.437586e-06, 3.086919e-06, 6.314171e-06) (6.762527e-07, 9.638373e-06, 9.861527e-06) )
				((5.903537e-06, 2.186460e-06, 6.716804e-06) (1.395147e-06, 9.904068e-06, 9.978298e-06) )
				((5.342809e-06, 2.172609e-06, 6.526414e-06) (1.767706e-06, 9.482083e-06, 9.839268e-06) )
				((5.053916e-06, 2.578639e-06, 6.107997e-06) (2.156496e-06, 9.909388e-06, 9.260192e-06) )
				((4.898135e-06, 2.169213e-06, 7.325159e-06) (1.891965e-06, 9.975897e-06, 8.264465e-06) )
				((4.542959e-06, 1.553573e-06, 7.289100e-06) (2.143511e-06, 9.902918e-06, 8.028831e-06) )
				((4.359747e-06, 1.831841e-06, 7.969238e-06) (2.168179e-06, 9.613065e-06, 7.985004e-06) )
				((4.641952e-06, 2.097862e-06, 8.820099e-06) (2.081354e-06, 9.995854e-06, 7.855468e-06) )
				((4.716804e-06, 1.989525e-06, 8.598898e-06) (2.402819e-06, 9.739034e-06, 7.677510e-06) )
				((4.818199e-06, 2.197750e-06, 9.096455e-06) (2.706833e-06, 9.807327e-06, 7.562525e-06) )
				((4.897473e-06, 2.622333e-06, 9.825247e-06) (2.956364e-06, 9.539007e-06, 7.971563e-06) )
				((5.023726e-06, 3.036678e-06, 9.579674e-06) (2.997827e-06, 9.663150e-06, 8.010052e-06) )
				((5.413508e-06, 2.411087e-06, 8.930336e-06) (2.402851e-06, 9.544776e-06, 7.854424e-06) )
				((5.244671e-06, 3.158392e-06, 8.882466e-06) (2.368746e-06, 9.474303e-06, 8.505561e-06) )
				((5.312300e-06, 3.592808e-06, 9.054570e-06) (2.625634e-06, 9.253272e-06, 8.460275e-06) )
				((4.349569e-06, 4.329774e-06, 8.137770e-06) (2.724372e-06, 9.978210e-06, 9.180752e-06) )
				((4.611260e-06, 4.022695e-06, 7.980442e-06) (3.307883e-06, 9.973176e-06, 9.475594e-06) )
				((4.618212e-06, 3.861642e-06, 7.926181e-06) (3.048551e-06, 9.242378e-06, 9.994376e-06) )
				((4.739001e-06, 3.660930e-06, 7.934755e-06) (3.054823e-06, 8.636063e-06, 9.282544e-06) )
				((4.708245e-06, 4.340254e-06, 7.501506e-06) (2.637905e-06, 8.953072e-06, 8.986551e-06) )
				((3.716906e-06, 4.606083e-06, 7.203113e-06) (2.488348e-06, 8.777882e-06, 9.532654e-06) )
				((3.450737e-06, 4.401149e-06, 7.076933e-06) (3.426746e-06, 8.823726e-06, 9.565169e-06) )
				((3.354382e-06, 4.455476e-06, 7.386519e-06) (3.546665e-06, 9.230528e-06, 9.477032e-06) )
				((3.110121e-06, 4.794534e-06, 7.159901e-06) (3.492902e-06, 9.827358e-06, 9.378329e-06) )
				((2.857931e-06, 3.812128e-06, 7.522848e-06) (3.633972e-06, 9.888023e-06, 9.742741e-06) )
				((3.048150e-06, 4.054483e-06, 7.414434e-06) (4.241490e-06, 9.395517e-06, 9.974236e-06) )
				((3.102535e-06, 4.191658e-06, 7.261220e-06) (3.724949e-06, 8.685608e-06, 9.412266e-06) )
				((1.679929e-06, 4.815240e-06, 6.859048e-06) (3.899690e-06, 7.889143e-06, 8.125479e-06) )
				((1.295906e-06, 4.808729e-06, 6.587264e-06) (3.854577e-06, 7.259944e-06, 7.483454e-06) )
				((1.088149e-06, 4.730663e-06, 6.197992e-06) (3.691151e-06, 7.526110e-06, 7.816609e-06) )
				((1.435148e-06, 4.867220e-06, 6.661930e-06) (3.688654e-06, 7.967362e-06, 7.701824e-06) )
				((1.175429e-06, 4.559015e-06, 6.757081e-06) (4.105914e-06, 7.545217e-06, 7.687912e-06) )
				((9.357207e-07, 5.097000e-06, 7.519676e-06) (3.754109e-06, 7.900229e-06, 7.567157e-06) )
				((6.696289e-07, 4.885267e-06, 7.548237e-06) (4.364018e-06, 8.212170e-06, 7.554577e-06) )
				((3.587715e-07, 5.594307e-06, 7.147285e-06) (4.797504e-06, 8.303138e-06, 7.724780e-06) )
				((3.377610e-07, 5.988994e-06, 7.089771e-06) (4.937327e-06, 8.085736e-06, 7.373575e-06) )
				((1.119060e-07, 5.693409e-06, 7.013916e-06) (5.106724e-06, 7.765663e-06, 6.962466e-06) )
				((1.306657e-07, 5.366055e-06, 6.673870e-06) (5.397296e-06, 8.096197e-06, 7.817730e-06) )
				((2.489462e-07, 5.480381e-06, 6.339651e-06) (5.103708e-06, 8.171841e-06, 8.201009e-06) )
				((7.752177e-08, 5.235109e-06, 6.404530e-06) (5.685543e-06, 8.168310e-06, 8.227576e-06) )
				((5.726125e-07, 5.590854e-06, 6.036306e-06) (5.675859e-06, 7.970695e-06, 7.338731e-06) )
				((7.970479e-07, 5.942417e-06, 5.842854e-06) (5.521957e-06, 7.085595e-06, 7.181569e-06) )
				((8.847544e-07, 5.729854e-06, 6.654312e-06) (5.831623e-06, 6.883608e-06, 8.030904e-06) )
				((1.000150e-06, 5.783137e-06, 7.059720e-06) (5.625925e-06, 7.018323e-06, 7.735968e-06) )
				((1.042135e-06, 5.469402e-06, 7.418977e-06) (5.777332e-06, 6.703046e-06, 7.663777e-06) )
				((1.068359e-06, 5.879287e-06, 7.563386e-06) (6.529789e-06, 7.020651e-06, 8.505129e-06) )
				((1.049586e-06, 5.216544e-06, 7.506109e-06) (7.152453e-06, 7.455458e-06, 8.861196e-06) )
				((1.022025e-06, 5.182102e-06, 8.368063e-06) (6.348877e-06, 7.647018e-06, 9.131463e-06) )
				((6.563681e-07, 4.413009e-06, 8.085567e-06) (6.133534e-06, 6.809660e-06, 9.131728e-06) )
				((4.628654e-07, 4.380015e-06, 8.622918e-06) (6.553523e-06, 7.310970e-06, 9.508684e-06) )
				((9.657124e-07, 4.798313e-06, 7.689794e-06) (6.125333e-06, 7.800596e-06, 9.614029e-06) )
				((6.185812e-07, 5.263536e-06, 8.774442e-06) (5.848194e-06, 7.728774e-06, 9.813907e-06) )
				((4.498984e-07, 4.979349e-06, 8.850170e-06) (5.752718e-06, 7.908455e-06, 9.677496e-06) )
				((4.462729e-07, 4.689493e-06, 9.158051e-06) (6.313710e-06, 7.463250e-06, 9.824227e-06) )
				((1.178800e-07, 3.937129e-06, 9.911469e-06) (6.593130e-06, 7.556621e-06, 9.896413e-06) )
				((3.430535e-07, 3.904109e-06, 9.804041e-06) (6.436315e-06, 7.553070e-06, 9.779101e-06) )
				((1.913198e-08, 4.105754e-06, 9.331680e-06) (6.356936e-06, 7.298181e-06, 9.848507e-06) )
				((8.824065e-08, 4.135665e-06, 8.911988e-06) (6.813907e-06, 6.938142e-06, 9.588137e-06) )
				((2.813657e-07, 3.559593e-06, 9.327993e-06) (6.857078e-06, 6.716088e-06, 9.868045e-06) )
				((4.132113e-08, 4.324154e-06, 9.387039e-06) (5.668366e-06, 6.514267e-06, 9.509512e-06) )
				((9.339889e-08, 4.177193e-06, 9.919190e-06) (6.321377e-06, 7.081050e-06, 9.218139e-06) )
				((6.228710e-07, 3.694969e-06, 9.476153e-06) (6.148228e-06, 7.405046e-06, 8.781041e-06) )
				((4.146112e-07, 4.044215e-06, 9.284898e-06) (7.426010e-06, 6.960536e-06, 9.016547e-06) )
				((2.077247e-07, 4.176839e-06, 9.402262e-06) (7.509383e-06, 6.783651e-06, 8.684680e-06) )
				((3.551218e-08, 3.806463e-06, 9.398053e-06) (6.915032e-06, 7.252609e-06, 8.362101e-06) )
				((3.020056e-08, 2.946328e-06, 8.499187e-06) (7.817556e-06, 7.554841e-06, 8.011049e-06) )
				((4.811760e-07, 2.969267e-06, 8.664752e-06) (7.336810e-06, 8.309518e-06, 7.875616e-06) )
				((5.347802e-07, 3.245575e-06, 9.424147e-06) (5.906804e-06, 8.349514e-06, 7.756807e-06) )
				((3.520000e-07, 3.449657e-06, 9.809454e-06) (5.679878e-06, 9.227240e-06, 7.926762e-06) )
				((7.541056e-08, 4.663184e-06, 8.818303e-06) (6.237772e-06, 8.330938e-06, 7.431132e-06) )
				((5.123534e-08, 5.220421e-06, 8.689906e-06) (6.100998e-06, 7.980622e-06, 7.872096e-06) )
				((7.997113e-07, 5.333866e-06, 8.479720e-06) (6.673455e-06, 7.209197e-06, 7.661479e-06) )
				((9.384503e-08, 5.709382e-06, 8.326781e-06) (6.672003e-06, 6.724147e-06, 7.389343e-06) )
				((3.245009e-07, 5.034532e-06, 8.363760e-06) (6.877020e-06, 7.196683e-06, 6.843120e-06) )
				((1.261244e-07, 5.122044e-06, 8.742134e-06) (7.055320e-06, 7.894149e-06, 7.214364e-06) )
				((1.979996e-07, 5.440753e-06, 8.826479e-06) (7.034142e-06, 7.266307e-06, 6.452292e-06) )
				((2.509352e-07, 6.049475e-06, 9.124842e-06) (6.815448e-06, 7.386842e-06, 6.100573e-06) )
				((4.471396e-07, 6.196208e-06, 9.566868e-06) (6.813481e-06, 7.426882e-06, 5.880340e-06) )
				((1.314405e-07, 5.715798e-06, 9.119298e-06) (6.259200e-06, 7.707586e-06, 5.938264e-06) )
				((3.175967e-07, 5.412394e-06, 8.882398e-06) (5.742049e-06, 7.209838e-06, 5.327659e-06) )
				((5.720040e-07, 5.641666e-06, 7.723694e-06) (5.972703e-06, 6.708465e-06, 5.191834e-06) )
				((1.245706e-06, 5.884921e-06, 7.362309e-06) (5.869521e-06, 6.751919e-06, 5.420952e-06) )
				((7.085158e-07, 5.765223e-06, 8.317067e-06) (5.916544e-06, 7.043357e-06, 5.432158e-06) )
				((1.086514e-06, 5.466211e-06, 8.046924e-06) (6.078902e-06, 7.275970e-06, 5.381889e-06) )
				((1.458702e-06, 5.407299e-06, 8.516850e-06) (6.074336e-06, 7.240484e-06, 4.888669e-06) )
				((1.073932e-06, 5.550540e-06, 8.406616e-06) (6.469831e-06, 6.991556e-06, 4.614213e-06) )
				((1.008491e-06, 5.679565e-06, 8.754678e-06) (6.593109e-06, 7.011771e-06, 4.747867e-06) )
				((9.224963e-07, 5.802530e-06, 8.663771e-06) (5.989882e-06, 6.875929e-06, 4.863456e-06) )
				((8.724580e-07, 5.582813e-06, 9.172127e-06) (4.741593e-06, 6.648397e-06, 4.181167e-06) )
				((2.497291e-07, 5.907554e-06, 9.485985e-06) (4.962944e-06, 6.678738e-06, 4.824806e-06) )
				((1.172909e-07, 6.069666e-06, 9.934698e-06) (4.850526e-06, 6.467323e-06, 4.392031e-06) )
				((4.304915e-07, 5.828779e-06, 9.624776e-06) (5.451497e-06, 6.574893e-06, 4.342994e-06) )
				((6.228983e-07, 5.534306e-06, 9.927043e-06) (4.194032e-06, 5.570714e-06, 4.999629e-06) )
				((4.371483e-07, 5.348145e-06, 9.352131e-06) (4.412188e-06, 5.918902e-06, 5.093820e-06) )
				((2.268911e-07, 5.606195e-06, 9.436806e-06) (3.834605e-06, 5.751978e-06, 4.762220e-06) )
				((6.010139e-08, 5.526979e-06, 9.968319e-06) (3.901036e-06, 4.907670e-06, 4.562132e-06) )
				((9.106231e-08, 5.689647e-06, 9.908336e-06) (4.467739e-06, 5.197316e-06, 5.141057e-06) )
				((2.076048e-07, 5.516227e-06, 9.968831e-06) (4.586078e-06, 4.935220e-06, 4.802412e-06) )
				((1.713583e-07, 5.765208e-06, 9.915931e-06) (4.833623e-06, 4.971624e-06, 5.351279e-06) )
				((2.985006e-07, 5.527725e-06, 9.489990e-06) (5.200550e-06, 5.393996e-06, 5.318187e-06) )
				((5.887369e-07, 5.940431e-06, 9.138207e-06) (5.078377e-06, 4.650646e-06, 5.464444e-06) )
				((7.866563e-07, 5.636076e-06, 9.549812e-06) (5.721296e-06, 4.010640e-06, 5.115726e-06) )
				((5.330953e-07, 5.331099e-06, 9.351865e-06) (6.630543e-06, 4.506542e-06, 4.867129e-06) )
				((4.172180e-07, 5.560011e-06, 8.488646e-06) (7.010298e-06, 4.469671e-06, 4.965337e-06) )
				((8.731391e-07, 5.012576e-06, 8.664045e-06) (6.696293e-06, 4.535920e-06, 5.000720e-06) )
				((8.484209e-07, 5.816253e-06, 7.955075e-06) (6.672259e-06, 5.137610e-06, 5.979229e-06) )
				((1.162593e-06, 6.227563e-06, 7.761244e-06) (7.210023e-06, 4.722965e-06, 6.029387e-06) )
				((1.851842e-06, 5.727141e-06, 7.318600e-06) (6.882244e-06, 4.935992e-06, 6.599391e-06) )
				((1.699017e-06, 6.039515e-06, 7.471520e-06) (6.262660e-06, 6.539794e-06, 6.756719e-06) )
				((2.009437e-06, 6.566609e-06, 7.413814e-06) (7.361921e-06, 6.514250e-06, 6.719195e-06) )
				((1.647344e-06, 5.483414e-06, 7.326819e-06) (6.410858e-06, 5.936850e-06, 7.244261e-06) )
				((1.364249e-06, 5.534293e-06, 6.430449e-06) (6.442162e-06, 5.603779e-06, 7.479823e-06) )
				((1.508643e-06, 5.546470e-06, 5.841411e-06) (6.242483e-06, 5.699327e-06, 7.573375e-06) )
				((1.537531e-06, 5.697956e-06, 5.933822e-06) (6.938901e-06, 5.270056e-06, 6.766867e-06) )
				((1.276524e-06, 5.494926e-06, 6.160145e-06) (7.135189e-06, 5.608859e-06, 7.557160e-06) )
				((1.051247e-06, 5.446401e-06, 6.478680e-06) (7.533258e-06, 5.452761e-06, 7.315934e-06) )
				((6.668196e-07, 5.973055e-06, 5.894877e-06) (7.546431e-06, 4.154191e-06, 7.867261e-06) )
				((1.161818e-06, 5.084821e-06, 5.511939e-06) (7.680746e-06, 4.198977e-06, 6.948670e-06) )
				((8.661423e-07, 4.051786e-06, 5.338869e-06) (8.129385e-06, 3.597796e-06, 7.216473e-06) )
				((7.883569e-07, 3.876925e-06, 4.700723e-06) (8.033569e-06, 4.171901e-06, 8.191648e-06) )
				((7.561844e-08, 4.725280e-06, 4.885237e-06) (8.093819e-06, 4.756027e-06, 7.932218e-06) )
				((4.090755e-07, 4.567881e-06, 5.921557e-06) (8.254971e-06, 4.354962e-06, 8.099605e-06) )
				((8.987079e-07, 4.476654e-06, 5.827753e-06) (9.097086e-06, 5.060989e-06, 8.209097e-06) )
				((6.353081e-07, 4.896628e-06, 6.447798e-06) (9.224419e-06, 5.449084e-06, 8.493795e-06) )
				((5.647672e-07, 4.656137e-06, 6.596590e-06) (8.599159e-06, 4.674305e-06, 8.353569e-06) )
				((9.875357e-07, 4.892031e-06, 6.865763e-06) (8.166035e-06, 5.054290e-06, 8.606203e-06) )
				((7.389631e-07, 4.644314e-06, 6.372905e-06) (7.908802e-06, 4.463334e-06, 8.558241e-06) )
				((8.658511e-07, 3.975199e-06, 6.755058e-06) (7.496744e-06, 3.986455e-06, 8.820228e-06) )
				((1.357246e-06, 3.866233e-06, 6.621422e-06) (7.005376e-06, 4.123943e-06, 9.466361e-06) )
				((1.352389e-06, 4.438394e-06, 6.937630e-06) (6.802454e-06, 3.699979e-06, 9.731720e-06) )
				((5.095622e-08, 4.663756e-06, 5.943386e-06) (6.915116e-06, 4.088006e-06, 9.642769e-06) )
				((5.586421e-07, 5.090390e-06, 5.750848e-06) (6.849738e-06, 3.754869e-06, 9.427658e-06) )
				((2.865659e-07, 4.595122e-06, 6.460262e-06) (6.943419e-06, 3.746226e-06, 9.012281e-06) )
				((1.837952e-07, 4.799199e-06, 7.145453e-06) (6.277423e-06, 3.163847e-06, 8.181935e-06) )
				((6.320297e-07, 4.121861e-06, 7.372772e-06) (6.035360e-06, 3.277868e-06, 7.916186e-06) )
				((1.228683e-06, 4.550001e-06, 7.003483e-06) (5.878795e-06, 3.543069e-06, 7.512842e-06) )
				((1.054600e-06, 4.487281e-06, 7.033137e-06) (5.325725e-06, 3.540666e-06, 7.885185e-06) )
				((8.645718e-07, 4.126262e-06, 8.238905e-06) (5.131682e-06, 3.527122e-06, 7.795499e-06) )
				((1.016155e-06, 4.199650e-06, 8.330219e-06) (5.132007e-06, 2.621507e-06, 7.758709e-06) )
				((1.625364e-06, 3.727467e-06, 9.437569e-06) (5.395323e-06, 2.219310e-06, 7.810586e-06) )
				((1.475257e-06, 2.951425e-06, 9.065730e-06) (5.544677e-06, 1.619242e-06, 7.828253e-06) )
				((1.543132e-06, 2.852610e-06, 9.528139e-06) (5.574792e-06, 1.386580e-06, 7.162585e-06) )
				((1.193892e-06, 2.752018e-06, 9.176091e-06) (4.849905e-06, 1.849287e-06, 6.934604e-06) )
				((1.362857e-06, 2.769680e-06, 8.908593e-06) (4.912430e-06, 1.400180e-06, 7.708893e-06) )
				((1.464493e-06, 3.652199e-06, 9.553993e-06) (5.506095e-06, 1.582754e-06, 8.114599e-06) )
				((2.000987e-06, 4.227177e-06, 9.814481e-06) (5.201139e-06, 1.204364e-06, 8.157469e-06) )
				((1.245011e-06, 4.280301e-06, 9.909329e-06) (5.280773e-06, 3.481890e-07, 8.287001e-06) )
				((7.191121e-07, 5.107182e-06, 9.982922e-06) (4.726203e-06, 1.831141e-07, 8.913113e-06) )
				((7.571667e-07, 5.185332e-06, 9.780706e-06) (4.929519e-06, 2.038445e-07, 8.354847e-06) )
				((1.161016e-06, 5.292084e-06, 9.341584e-06) (4.417021e-06, 8.027185e-07, 8.098233e-06) )
				((6.026197e-07, 5.759262e-06, 8.663020e-06) (4.339068e-06, 4.825342e-07, 8.859311e-06) )
				((1.577493e-06, 5.318360e-06, 8.263762e-06) (4.633892e-06, 6.185581e-07, 8.674725e-06) )
				((1.671054e-06, 5.122260e-06, 8.900891e-06) (4.394097e-06, 9.428164e-07, 8.421051e-06) )
				((1.188000e-06, 5.593493e-06, 8.913897e-06) (4.612600e-06, 1.123856e-06, 8.485488e-06) )
				((8.596409e-07, 5.867645e-06, 8.395806e-06) (4.278713e-06, 1.494122e-06, 8.714654e-06) )
				((1.320151e-06, 5.732501e-06, 8.695826e-06) (4.146188e-06, 2.500993e-06, 8.572059e-06) )
				((1.265707e-06, 5.205351e-06, 8.612852e-06) (3.952644e-06, 2.644925e-06, 8.380854e-06) )
				((1.595878e-06, 4.781872e-06, 9.077447e-06) (4.300841e-06, 2.270775e-06, 8.006211e-06) )
				((1.098530e-06, 5.341123e-06, 9.104858e-06) (4.522163e-06, 2.644785e-06, 7.567153e-06) )
				((1.057695e-06, 4.798729e-06, 9.374200e-06) (4.992733e-06, 2.178599e-06, 7.504941e-06) )
				((1.220648e-06, 4.815295e-06, 9.821808e-06) (5.191746e-06, 2.189032e-06, 7.603931e-06) )
				((9.847414e-07, 4.397126e-06, 9.505782e-06) (4.742719e-06, 1.458992e-06, 6.836588e-06) )
				((1.132868e-06, 4.870540e-06, 9.062942e-06) (4.796309e-06, 1.906612e-06, 7.601563e-06) )
				((2.282437e-07, 4.297575e-06, 9.097500e-06) (4.501655e-06, 2.261399e-06, 7.811371e-06) )
				((2.299915e-07, 4.223402e-06, 8.998681e-06) (4.025356e-06, 2.362778e-06, 7.751327e-06) )
				((3.248902e-07, 4.306607e-06, 8.993858e-06) (3.587915e-06, 2.223601e-06, 7.003482e-06) )
				((1.524891e-07, 3.291629e-06, 9.251014e-06) (3.738583e-06, 2.661765e-06, 6.503422e-06) )
				((7.696189e-09, 3.672007e-06, 9.286938e-06) (3.989876e-06, 1.694442e-06, 5.764685e-06) )
				((3.981303e-07, 3.626332e-06, 9.762996e-06) (3.824820e-06, 1.718687e-06, 5.754471e-06) )
				((2.278383e-07, 4.310710e-06, 9.956521e-06) (3.675386e-06, 1.807673e-06, 5.928343e-06) )
				((7.128703e-08, 4.091231e-06, 9.863476e-06) (3.931987e-06, 1.369204e-06, 5.983433e-06) )
				((3.317828e-07, 4.877670e-06, 9.543043e-06) (4.213463e-06, 1.446486e-06, 5.409019e-06) )
				((6.140749e-07, 4.829207e-06, 9.564442e-06) (3.451678e-06, 1.533743e-06, 4.805827e-06) )
				((7.312183e-07, 5.398343e-06, 9.078376e-06) (3.791583e-06, 1.207498e-06, 4.760554e-06) )
				((9.269633e-07, 5.592389e-06, 9.327423e-06) (3.897185e-06, 8.475605e-07, 4.522236e-06) )
				((2.576393e-07, 5.813907e-06, 8.532415e-06) (4.676177e-06, 7.947861e-07, 3.285602e-06) )
				((7.962575e-09, 6.061599e-06, 8.806112e-06) (4.499552e-06, 2.505787e-07, 3.118283e-06) )
				((9.042289e-07, 5.904118e-06, 8.169668e-06) (5.098232e-06, 7.662623e-07, 3.341594e-06) )
				((6.992573e-07, 6.003503e-06, 7.739387e-06) (5.256951e-06, 3.556469e-07, 3.509535e-06) )
				((8.478267e-07, 6.540936e-06, 8.129822e-06) (5.430680e-06, 1.108481e-08, 3.715986e-06) )
				((8.968406e-07, 6.052604e-06, 8.824263e-06) (5.503064e-06, 7.234061e-08, 3.741688e-06) )
				((5.639190e-07, 6.258339e-06, 8.449927e-06) (5.919964e-06, 1.047923e-07, 3.887394e-06) )
				((8.378563e-07, 5.937771e-06, 8.247822e-06) (6.066196e-06, 6.559407e-07, 4.746428e-06) )
				((1.262000e-06, 5.720603e-06, 8.781742e-06) (6.187878e-06, 7.738557e-07, 4.792230e-06) )
				((1.128752e-06, 4.861264e-06, 8.546956e-06) (6.064461e-06, 8.059327e-07, 5.167761e-06) )
				((8.429451e-07, 4.768814e-06, 9.238040e-06) (5.731348e-06, 7.903600e-07, 4.956342e-06) )
				((1.773850e-06, 5.217343e-06, 9.272908e-06) (5.050905e-06, 9.600098e-07, 5.103761e-06) )
				((1.364708e-06, 4.952113e-06, 9.029773e-06) (5.664741e-06, 1.384653e-06, 4.962713e-06) )
				((1.085080e-06, 5.301617e-06, 8.586810e-06) (5.808822e-06, 1.238060e-06, 4.868743e-06) )
				((1.361739e-06, 6.062414e-06, 8.202028e-06) (5.424737e-06, 1.255303e-06, 4.721894e-06) )
				((1.362868e-06, 5.269183e-06, 8.382401e-06) (5.624903e-06, 1.361428e-06, 4.697507e-06) )
				((8.751086e-07, 4.947282e-06, 8.411649e-06) (6.581529e-06, 1.963787e-06, 5.183757e-06) )
				((1.404060e-06, 5.119501e-06, 8.432479e-06) (6.058849e-06, 2.780155e-06, 5.379257e-06) )
				((1.271273e-06, 5.548242e-06, 8.372324e-06) (6.136534e-06, 3.215085e-06, 5.433498e-06) )
				((8.987327e-07, 5.699218e-06, 8.428297e-06) (5.615643e-06, 3.988100e-06, 5.394307e-06) )
				((1.530934e-06, 5.727095e-06, 7.825670e-06) (5.386069e-06, 3.025868e-06, 5.807533e-06) )
				((2.225709e-06, 5.555077e-06, 8.364092e-06) (6.239730e-06, 2.679187e-06, 6.338212e-06) )
				((2.429265e-06, 6.248665e-06, 8.220962e-06) (6.049075e-06, 3.091904e-06, 7.546343e-06) )
				((1.866141e-06, 5.568045e-06, 9.063936e-06) (5.852936e-06, 2.867054e-06, 7.645549e-06) )
				((2.014825e-06, 5.576202e-06, 8.954454e-06) (6.092210e-06, 3.014829e-06, 7.790258e-06) )
				((1.989891e-06, 6.239610e-06, 9.520559e-06) (6.494237e-06, 3.330647e-06, 8.439391e-06) )
				((2.011126e-06, 6.340437e-06, 9.229540e-06) (6.255760e-06, 3.357168e-06, 8.471317e-06) )
				((2.222912e-06, 6.033307e-06, 9.486801e-06) (7.186925e-06, 3.630989e-06, 8.345199e-06) )
				((1.966178e-06, 6.391926e-06, 9.417002e-06) (7.258131e-06, 3.544801e-06, 8.398239e-06) )
				((1.485204e-06, 6.298508e-06, 9.059116e-06) (8.201614e-06, 3.068943e-06, 8.175561e-06) )
				((1.309781e-06, 6.696350e-06, 9.025565e-06) (8.363931e-06, 3.867380e-06, 7.826301e-06) )
				((1.486233e-06, 6.936585e-06, 8.115925e-06) (8.078398e-06, 4.186811e-06, 7.602937e-06) )
				((1.269880e-06, 6.543241e-06, 8.828036e-06) (8.550174e-06, 3.708718e-06, 7.356842e-06) )
				((2.501446e-07, 6.009034e-06, 9.097147e-06) (8.113965e-06, 3.616143e-06, 6.639512e-06) )
				((1.083251e-07, 5.834249e-06, 8.989879e-06) (8.506535e-06, 3.301790e-06, 5.894122e-06) )
				((5.867693e-07, 5.008914e-06, 8.784817e-06) (8.431020e-06, 3.443367e-06, 6.041029e-06) )
				((8.270517e-08, 4.985092e-06, 8.419900e-06) (7.902471e-06, 3.650913e-06, 5.911963e-06) )
				((6.859709e-08, 4.079345e-06, 8.353930e-06) (7.253795e-06, 3.772120e-06, 5.398258e-06) )
				((2.256890e-08, 4.011155e-06, 8.297650e-06) (7.049350e-06, 3.788012e-06, 5.236024e-06) )
				((4.664651e-07, 4.912346e-06, 8.058289e-06) (7.210048e-06, 3.969965e-06, 6.588900e-06) )
				((5.325326e-07, 4.823861e-06, 7.626313e-06) (6.180100e-06, 3.831458e-06, 6.677427e-06) )
				((1.341207e-06, 4.448773e-06, 7.954053e-06) (6.339894e-06, 3.453747e-06, 6.999026e-06) )
				((6.049734e-07, 3.894221e-06, 8.496853e-06) (7.082353e-06, 2.729659e-06, 7.705850e-06) )
				((1.534402e-07, 4.497074e-06, 8.156470e-06) (7.413556e-06, 2.478206e-06, 7.512635e-06) )
				((6.236598e-07, 4.258004e-06, 8.136942e-06) (7.925895e-06, 2.878564e-06, 7.289826e-06) )
				((7.048204e-07, 3.978182e-06, 7.505583e-06) (7.973900e-06, 2.802241e-06, 7.302236e-06) )
				((2.118321e-07, 4.465151e-06, 7.277805e-06) (7.842594e-06, 3.161477e-06, 7.453599e-06) )
				((3.526720e-07, 4.593281e-06, 7.251053e-06) (6.928301e-06, 3.399491e-06, 7.206673e-06) )
				((7.849398e-08, 3.674969e-06, 6.521499e-06) (6.901577e-06, 3.678839e-06, 6.946684e-06) )
				((8.768009e-07, 3.601018e-06, 7.390533e-06) (7.135454e-06, 3.293660e-06, 6.494481e-06) )
				((3.983428e-08, 3.801513e-06, 7.187398e-06) (6.918486e-06, 3.854756e-06, 6.729489e-06) )
				((3.861918e-07, 4.183532e-06, 7.444288e-06) (6.528388e-06, 3.999936e-06, 6.796283e-06) )
				((2.634331e-08, 3.845426e-06, 7.152448e-06) (5.972907e-06, 4.330542e-06, 6.687991e-06) )
				((3.105792e-07, 3.659383e-06, 7.432909e-06) (5.597432e-06, 4.683786e-06, 5.997553e-06) )
				((8.510720e-07, 3.752242e-06, 8.000499e-06) (5.431590e-06, 4.114344e-06, 6.201400e-06) )
				((9.536749e-07, 3.553632e-06, 7.804169e-06) (5.719968e-06, 3.654606e-06, 6.342533e-06) )
				((1.096886e-06, 3.425023e-06, 7.885622e-06) (5.953026e-06, 3.563150e-06, 6.434003e-06) )
				((7.928299e-07, 3.856669e-06, 7.317178e-06) (5.939955e-06, 3.523914e-06, 6.384151e-06) )
				((7.735581e-07, 3.742904e-06, 6.616168e-06) (6.299004e-06, 3.242509e-06, 6.305068e-06) )
				((3.763596e-07, 4.061424e-06, 7.121487e-06) (6.151400e-06, 2.616207e-06, 6.362869e-06) )
				((7.064382e-07, 4.328912e-06, 6.954975e-06) (5.907221e-06, 2.508829e-06, 6.260480e-06) )
				((1.092186e-06, 4.441724e-06, 6.864051e-06) (5.379031e-06, 2.211237e-06, 6.222250e-06) )
				((1.598935e-06, 4.899738e-06, 6.792900e-06) (5.067584e-06, 2.263170e-06, 6.409463e-06) )
				((1.671884e-06, 5.157502e-06, 6.737697e-06) (4.964819e-06, 3.011333e-06, 5.892936e-06) )
				((4.798552e-08, 4.898653e-06, 6.779018e-06) (4.232197e-06, 3.030178e-06, 5.580284e-06) )
				((4.186828e-07, 4.208930e-06, 6.782975e-06) (4.765529e-06, 2.639038e-06, 5.273001e-06) )
				((9.007859e-07, 4.062959e-06, 6.502175e-06) (5.005107e-06, 2.300491e-06, 5.052190e-06) )
				((2.269239e-07, 3.064098e-06, 6.062144e-06) (5.050333e-06, 2.505814e-06, 5.564467e-06) )
				((6.578923e-07, 3.100851e-06, 6.194253e-06) (4.709576e-06, 1.721126e-06, 6.015339e-06) )
				((6.715879e-08, 3.316547e-06, 6.369471e-06) (4.135818e-06, 1.660824e-06, 6.121082e-06) )
				((4.856558e-08, 3.044245e-06, 6.612721e-06) (3.965721e-06, 2.178930e-06, 6.892918e-06) )
				((1.906392e-08, 3.630969e-06, 6.035494e-06) (3.411496e-06, 1.691835e-06, 6.888911e-06) )
				((5.809381e-07, 2.867780e-06, 6.393310e-06) (3.796330e-06, 2.029176e-06, 7.361865e-06) )
				((6.547836e-07, 2.654296e-06, 6.319287e-06) (4.214143e-06, 1.607546e-06, 7.115387e-06) )
				((3.885722e-07, 2.800501e-06, 6.700923e-06) (3.871515e-06, 1.716326e-06, 7.629654e-06) )
				((6.083571e-07, 2.328910e-06, 6.716421e-06) (3.779102e-06, 1.652349e-06, 7.671494e-06) )
				((5.540144e-07, 3.181318e-06, 6.523314e-06) (3.480398e-06, 1.263684e-06, 7.734582e-06) )
				((4.984805e-07, 3.337270e-06, 6.877491e-06) (2.673784e-06, 1.436700e-06, 7.019223e-06) )
				((7.554172e-07, 2.651380e-06, 6.684956e-06) (2.177668e-06, 1.537241e-06, 6.783792e-06) )
				((1.183436e-06, 2.594938e-06, 6.359357e-06) (2.364839e-06, 1.643847e-06, 6.541073e-06) )
				((5.009245e-07, 1.932486e-06, 6.011472e-06) (2.263556e-06, 1.971574e-06, 6.675830e-06) )
				((3.224043e-07, 1.448940e-06, 6.034133e-06) (1.691326e-06, 3.093389e-06, 6.726872e-06) )
				((1.073991e-07, 1.674235e-06, 6.859632e-06) (1.885301e-06, 3.428995e-06, 7.069826e-06) )
				((3.895843e-08, 1.272418e-06, 7.027424e-06) (1.672590e-06, 3.869059e-06, 7.200218e-06) )
				((1.075067e-07, 3.476773e-07, 6.672998e-06) (1.041754e-06, 3.479020e-06, 8.093223e-06) )
				((7.756677e-07, 5.595039e-07, 7.362118e-06) (1.139015e-06, 3.569855e-06, 8.015447e-06) )
				((1.013724e-06, 5.011854e-07, 7.485902e-06) (5.979969e-07, 4.108802e-06, 8.041729e-06) )
				((1.226537e-06, 1.880302e-07, 7.919619e-06) (7.391266e-07, 3.804991e-06, 8.160686e-06) )
				((3.119792e-08, 8.747726e-09, 8.046884e-06) (1.064438e-06, 3.673457e-06, 8.029452e-06) )
				((2.752130e-07, 5.491193e-07, 8.715853e-06) (9.163726e-07, 3.528517e-06, 7.325005e-06) )
				((6.090428e-07, 1.626798e-06, 8.268921e-06) (1.410855e-06, 3.195706e-06, 7.689114e-06) )
				((7.306661e-07, 1.986621e-06, 8.359491e-06) (4.519035e-07, 3.796077e-06, 7.737065e-06) )
				((7.322165e-07, 2.141516e-06, 8.546670e-06) (2.826370e-07, 4.451815e-06, 7.172595e-06) )
				((1.465828e-06, 1.878566e-06, 9.184273e-06) (4.557371e-07, 4.865877e-06, 6.560939e-06) )
				((1.634703e-06, 1.515243e-06, 8.316730e-06) (3.867951e-07, 4.612424e-06, 6.900505e-06) )
				((1.688517e-06, 1.466317e-06, 8.467915e-06) (1.291987e-06, 4.671082e-06, 6.225707e-06) )
				((1.042331e-06, 1.511845e-06, 8.880948e-06) (1.687395e-06, 3.983091e-06, 6.265274e-06) )
				((1.152671e-06, 7.549065e-07, 8.935277e-06) (2.254708e-06, 4.780114e-06, 6.083371e-06) )
				((5.375671e-07, 1.249973e-06, 9.490106e-06) (2.352609e-06, 5.350480e-06, 5.977457e-06) )
				((2.486875e-07, 1.022863e-06, 9.081368e-06) (2.421257e-06, 5.820974e-06, 5.912329e-06) )
				((3.157578e-07, 1.124281e-06, 9.510823e-06) (2.760132e-06, 5.326402e-06, 6.122038e-06) )
				((3.263353e-08, 7.288706e-07, 9.249335e-06) (2.929098e-06, 5.297482e-06, 7.327508e-06) )
				((4.182095e-08, 6.736494e-07, 9.377220e-06) (2.120843e-06, 5.766444e-06, 7.798955e-06) )
				((1.914832e-07, 1.834683e-06, 9.684541e-06) (1.908294e-06, 5.740082e-06, 7.505779e-06) )
				((4.928563e-08, 2.168171e-06, 8.266815e-06) (2.671024e-06, 6.204679e-06, 7.128735e-06) )
				((8.902822e-08, 2.049400e-06, 7.940632e-06) (2.325504e-06, 5.620071e-06, 8.135404e-06) )
				((6.403685e-07, 1.154759e-06, 8.075303e-06) (1.511984e-06, 5.536844e-06, 7.605890e-06) )
				((1.045515e-06, 1.251720e-06, 7.897229e-06) (1.638916e-06, 5.865914e-06, 7.427580e-06) )
				((1.143344e-06, 4.413390e-07, 8.472151e-06) (1.828157e-06, 5.935155e-06, 6.535231e-06) )
				((1.344797e-06, 2.889759e-07, 8.022481e-06) (1.523968e-06, 6.061991e-06, 7.473199e-06) )
				((2.201772e-06, 7.191642e-08, 8.063393e-06) (1.783160e-06, 5.776025e-06, 7.552177e-06) )
				((2.700201e-06, 1.279746e-06, 7.833801e-06) (1.041211e-06, 5.481632e-06, 6.619896e-06) )
				((2.152836e-06, 1.684919e-06, 7.883892e-06) (4.282162e-07, 4.761971e-06, 7.327814e-06) )
				((2.513254e-06, 5.952410e-07, 8.427094e-06) (4.095767e-07, 4.857212e-06, 8.042132e-06) )
				((2.196669e-06, 1.365884e-06, 8.153581e-06) (2.854349e-09, 4.810273e-06, 8.199930e-06) )
				((1.958838e-06, 8.962486e-07, 8.457692e-06) (8.436359e-07, 4.890751e-06, 8.553548e-06) )
				((1.459017e-06, 3.352618e-07, 8.892859e-06) (7.308754e-07, 5.102222e-06, 8.642357e-06) )
				((1.216576e-06, 3.145621e-07, 9.239941e-06) (1.050224e-06, 5.124038e-06, 8.551542e-06) )
				((1.983926e-06, 1.571631e-07, 8.764361e-06) (6.462365e-07, 5.511852e-06, 8.643776e-06) )
				((2.162049e-06, 5.079751e-07, 9.055359e-06) (5.870677e-07, 5.509507e-06, 9.142759e-06) )
				((1.646490e-06, 7.383603e-07, 8.817897e-06) (8.121899e-07, 5.282105e-06, 9.980628e-06) )
				((1.566120e-06, 1.082684e-06, 8.652835e-06) (1.321236e-06, 5.681800e-06, 9.674234e-06) )
				((1.934018e-06, 5.421682e-07, 8.591990e-06) (1.380677e-06, 5.640681e-06, 8.521195e-06) )
				((1.328651e-06, 3.459909e-07, 8.112349e-06) (9.052356e-07, 5.419308e-06, 8.234074e-06) )
				((7.441917e-07, 1.447029e-08, 7.619255e-06) (5.825860e-07, 5.541210e-06, 9.141287e-06) )
				((6.672388e-07, 4.971239e-07, 7.809398e-06) (8.359270e-08, 5.298873e-06, 8.771132e-06) )
				((1.793783e-06, 1.124979e-07, 7.728481e-06) (2.821455e-08, 5.700058e-06, 8.626578e-06) )
				((1.954197e-06, 3.113066e-07, 7.578210e-06) (1.333435e-07, 5.723691e-06, 8.987549e-06) )
				((1.855282e-06, 5.306615e-08, 8.264158e-06) (1.346452e-08, 5.833668e-06, 8.715890e-06) )
				((2.055020e-06, 1.180216e-07, 8.767261e-06) (3.122804e-07, 5.267107e-06, 8.916942e-06) )
				((2.350513e-06, 7.382463e-07, 7.872151e-06) (8.207631e-07, 5.151962e-06, 9.343568e-06) )
				((1.902701e-06, 3.712489e-07, 8.243582e-06) (2.032962e-07, 5.404322e-06, 9.765372e-06) )
				((1.973972e-06, 7.807279e-07, 8.374331e-06) (3.495658e-07, 5.315702e-06, 9.914685e-06) )
				((1.643021e-06, 1.409549e-06, 8.797123e-06) (7.580020e-07, 4.489694e-06, 9.757608e-06) )
				((2.205072e-06, 1.308932e-06, 9.261756e-06) (1.409214e-06, 3.744914e-06, 9.534459e-06) )
				((2.087773e-06, 1.531368e-06, 8.981573e-06) (1.019488e-06, 3.587067e-06, 9.252401e-06) )
				((1.764746e-06, 1.533709e-06, 9.540536e-06) (7.707528e-07, 2.814381e-06, 8.969252e-06) )
				((2.055961e-06, 2.167504e-06, 9.984372e-06) (1.557398e-06, 2.900836e-06, 9.246561e-06) )
				((2.643973e-06, 2.008337e-06, 9.883580e-06) (1.006634e-06, 2.517634e-06, 9.420235e-06) )
				((3.959409e-06, 2.321159e-06, 9.874881e-06) (1.117746e-06, 3.195826e-06, 9.953608e-06) )
				((3.984254e-06, 2.817729e-06, 9.344034e-06) (3.839457e-07, 2.692896e-06, 9.976829e-06) )
				((4.012292e-06, 3.199683e-06, 9.974559e-06) (3.040051e-07, 2.822835e-06, 9.871464e-06) )
				((4.394265e-06, 3.186769e-06, 9.195282e-06) (6.042191e-07, 3.154914e-06, 9.674505e-06) )
				((3.798427e-06, 3.943240e-06, 9.673243e-06) (1.245253e-06, 2.959314e-06, 9.219037e-06) )
				((4.153290e-06, 3.373514e-06, 9.476632e-06) (1.425342e-06, 2.101048e-06, 9.801903e-06) )
				((4.447206e-06, 3.208419e-06, 9.429332e-06) (1.372762e-07, 8.953393e-07, 9.202994e-06) )
				((4.561226e-06, 3.291252e-06, 8.783353e-06) (8.109029e-07, 4.810365e-07, 8.944341e-06) )
				((5.216731e-06, 3.381079e-06, 8.343397e-06) (7.567820e-07, 9.555171e-07, 8.828467e-06) )
				((5.166621e-06, 3.007587e-06, 8.176921e-06) (9.257621e-07, 1.192799e-07, 8.881870e-06) )
				((4.627571e-06, 2.996477e-06, 9.170790e-06) (1.184925e-06, 1.240552e-07, 9.271934e-06) )
				((4.610347e-06, 2.808044e-06, 8.716350e-06) (6.662419e-07, 1.615321e-07, 9.535022e-06) )
				((4.612238e-06, 3.246751e-06, 8.104664e-06) (7.007869e-07, 1.326456e-07, 9.976385e-06) )
				((4.360979e-06, 3.822513e-06, 8.625801e-06) (8.216900e-07, 6.659887e-08, 9.768998e-06) )
				((4.711657e-06, 3.123032e-06, 8.765010e-06) (8.015610e-07, 2.679756e-07, 9.991220e-06) )
				((4.512708e-06, 3.418656e-06, 8.296886e-06) (1.205789e-06, 2.250748e-07, 9.821457e-06) )
				((3.856223e-06, 2.954435e-06, 8.478047e-06) (1.521205e-06, 1.417199e-07, 9.763038e-06) )
				((3.536926e-06, 3.870489e-06, 8.421394e-06) (7.956923e-07, 1.612555e-07, 9.826434e-06) )
				((3.950797e-06, 3.683183e-06, 8.060428e-06) (2.066449e-06, 1.509493e-07, 9.402577e-06) )
				((4.465486e-06, 4.141110e-06, 7.556400e-06) (2.773752e-06, 6.322987e-07, 9.459518e-06) )
				((4.722440e-06, 3.924133e-06, 6.887173e-06) (2.973101e-06, 9.398123e-07, 9.396792e-06) )
				((4.631434e-06, 3.997821e-06, 7.719336e-06) (2.508192e-06, 4.462423e-07, 9.352328e-06) )
				((4.306951e-06, 4.309747e-06, 7.505150e-06) (2.957291e-06, 6.187729e-07, 9.148830e-06) )
				((4.437109e-06, 4.345222e-06, 6.929873e-06) (3.226266e-06, 3.718600e-07, 9.407548e-06) )
				((5.259464e-06, 3.815307e-06, 6.755476e-06) (3.385539e-06, 4.588432e-07, 8.555151e-06) )
				((5.152090e-06, 4.315884e-06, 6.982192e-06) (3.543998e-06, 2.724034e-07, 7.817247e-06) )
				((4.662934e-06, 5.041235e-06, 6.690094e-06) (3.999886e-06, 2.107267e-07, 7.578826e-06) )
				((4.842780e-06, 5.516794e-06, 6.075067e-06) (4.352873e-06, 9.276593e-08, 7.350376e-06) )
				((4.449943e-06, 5.719878e-06, 6.462726e-06) (4.308390e-06, 1.291134e-07, 7.331611e-06) )
				((4.237108e-06, 5.062641e-06, 6.231600e-06) (4.818782e-06, 2.627002e-07, 7.153335e-06) )
				((3.530048e-06, 5.805054e-06, 5.542633e-06) (5.018403e-06, 2.202031e-07, 7.181400e-06) )
				((2.528466e-06, 5.881705e-06, 6.470396e-06) (5.503650e-06, 1.096201e-07, 7.377250e-06) )
				((2.271595e-06, 5.761576e-06, 6.268010e-06) (5.658203e-06, 3.389635e-07, 6.861975e-06) )
				((2.375708e-06, 5.628300e-06, 6.230230e-06) (4.984952e-06, 1.400914e-07, 7.099478e-06) )
				((1.986093e-06, 6.216493e-06, 5.538437e-06) (5.118536e-06, 5.899466e-08, 6.954370e-06) )
				((1.824981e-06, 5.152112e-06, 5.772670e-06) (5.376682e-06, 3.258112e-07, 7.229604e-06) )
				((2.563603e-06, 5.622880e-06, 5.722199e-06) (5.159888e-06, 7.056194e-07, 7.020484e-06) )
				((2.160463e-06, 6.122708e-06, 6.110062e-06) (5.043332e-06, 8.111857e-07, 6.945459e-06) )
				((3.172258e-06, 6.585072e-06, 6.114764e-06) (5.129835e-06, 9.976141e-07, 7.176263e-06) )
				((4.072706e-06, 7.165481e-06, 6.698131e-06) (5.398435e-06, 1.340019e-06, 6.539888e-06) )
				((3.383446e-06, 7.039848e-06, 6.513010e-06) (5.489279e-06, 1.571371e-06, 6.156799e-06) )
				((3.284402e-06, 7.582166e-06, 6.733969e-06) (5.483650e-06, 1.173703e-06, 6.564192e-06) )
				((2.965516e-06, 7.662134e-06, 6.867412e-06) (5.496272e-06, 1.367905e-06, 6.974418e-06) )
				((3.081161e-06, 7.629468e-06, 6.947868e-06) (6.058563e-06, 1.594595e-06, 6.818539e-06) )
				((2.922379e-06, 8.229791e-06, 6.559499e-06) (6.140834e-06, 1.880765e-06, 7.286711e-06) )
				((3.728621e-06, 8.893858e-06, 6.627883e-06) (7.011722e-06, 2.385092e-06, 7.413474e-06) )
				((3.997205e-06, 9.122542e-06, 7.412947e-06) (7.339980e-06, 2.608284e-06, 7.186661e-06) )
				((4.034726e-06, 9.279856e-06, 7.473492e-06) (7.581219e-06, 2.540927e-06, 6.342950e-06) )
				((4.620929e-06, 9.135525e-06, 7.242959e-06) (7.071915e-06, 3.281959e-06, 6.120941e-06) )
				((3.724170e-06, 9.214205e-06, 7.700780e-06) (7.012770e-06, 3.123615e-06, 6.626326e-06) )
				((3.926416e-06, 9.268050e-06, 8.086139e-06) (7.362778e-06, 2.898249e-06, 6.765329e-06) )
				((4.023979e-06, 8.992192e-06, 7.989247e-06) (7.453718e-06, 3.281921e-06, 6.515884e-06) )
				((4.922870e-06, 9.007994e-06, 8.437605e-06) (8.352197e-06, 2.984036e-06, 6.107478e-06) )
				((4.901718e-06, 8.469109e-06, 8.994475e-06) (8.654272e-06, 2.563609e-06, 6.296253e-06) )
				((4.966343e-06, 8.038757e-06, 7.831506e-06) (8.726202e-06, 3.074670e-06, 6.637054e-06) )
				((5.049887e-06, 8.042465e-06, 7.934178e-06) (9.413847e-06, 3.649733e-06, 7.676906e-06) )
				((4.285520e-06, 8.094738e-06, 8.070267e-06) (9.931821e-06, 3.997536e-06, 7.637860e-06) )
				((4.341905e-06, 8.310070e-06, 7.645575e-06) (9.674861e-06, 3.974010e-06, 8.605195e-06) )
				((4.369324e-06, 7.980427e-06, 7.778863e-06) (9.769331e-06, 3.449754e-06, 8.395803e-06) )
				((4.938649e-06, 8.440739e-06, 7.365673e-06) (9.664823e-06, 2.703042e-06, 8.689495e-06) )
				((5.039088e-06, 8.428505e-06, 7.438232e-06) (9.063512e-06, 2.692216e-06, 8.853728e-06) )
				((5.871855e-06, 8.071832e-06, 7.049786e-06) (9.544527e-06, 1.662431e-06, 8.565764e-06) )
				((5.516538e-06, 7.876755e-06, 7.109191e-06) (9.425531e-06, 1.053725e-06, 9.146287e-06) )
				((5.717566e-06, 7.739302e-06, 6.515287e-06) (9.066095e-06, 1.269426e-06, 9.525024e-06) )
				((5.013372e-06, 7.868001e-06, 6.920159e-06) (9.834285e-06, 7.894563e-07, 9.816369e-06) )
				((4.955137e-06, 7.772534e-06, 7.499798e-06) (9.353584e-06, 3.050752e-07, 9.693881e-06) )
				((5.227225e-06, 7.039618e-06, 7.673182e-06) (9.992462e-06, 1.320416e-06, 9.762104e-06) )
				((5.609845e-06, 6.574786e-06, 8.129245e-06) (9.994124e-06, 5.478659e-07, 9.745956e-06) )
				((5.626064e-06, 7.306116e-06, 8.742338e-06) (9.950051e-06, 1.068363e-06, 9.789144e-06) )
				((5.977597e-06, 6.594608e-06, 7.802966e-06) (9.794559e-06, 9.176044e-07, 9.914961e-06) )
				((4.740626e-06, 6.249908e-06, 7.256283e-06) (9.334489e-06, 9.672193e-07, 9.077901e-06) )
				((4.687876e-06, 5.815253e-06, 7.036527e-06) (9.665307e-06, 4.919454e-07, 9.349715e-06) )
				((4.080283e-06, 5.934375e-06, 6.879519e-06) (9.802120e-06, 7.125555e-07, 8.489724e-06) )
				((3.958805e-06, 6.899685e-06, 7.082388e-06) (9.182588e-06, 2.357140e-07, 8.934037e-06) )
				((4.103952e-06, 6.736435e-06, 7.551166e-06) (9.447520e-06, 9.451996e-07, 9.643682e-06) )
				((2.877731e-06, 6.005250e-06, 7.747530e-06) (9.270102e-06, 1.315240e-06, 8.764781e-06) )
				((2.696622e-06, 5.201000e-06, 7.197602e-06) (9.701462e-06, 7.487105e-07, 8.908232e-06) )
				((2.657374e-06, 4.937600e-06, 7.810762e-06) (9.645780e-06, 4.590507e-07, 8.862258e-06) )
				((2.412451e-06, 4.713797e-06, 7.417088e-06) (9.703333e-06, 6.915909e-07, 8.791395e-06) )
				((1.920357e-06, 4.942907e-06, 8.459626e-06) (9.633653e-06, 3.795566e-07, 9.070120e-06) )
				((2.287963e-06, 5.764837e-06, 8.393364e-06) (9.112122e-06, 4.121798e-07, 9.886689e-06) )
				((2.760519e-06, 6.710642e-06, 8.117396e-06) (9.715547e-06, 1.374473e-07, 9.752321e-06) )
				((2.433717e-06, 6.993552e-06, 8.947777e-06) (9.808968e-06, 4.725100e-07, 9.457124e-06) )
				((3.135268e-06, 6.420601e-06, 9.141812e-06) (9.647750e-06, 1.854072e-07, 9.815133e-06) )
				((2.742878e-06, 5.106225e-06, 8.649390e-06) (9.927304e-06, 3.502784e-08, 9.744265e-06) )
				((1.875634e-06, 5.041681e-06, 8.617025e-06) (9.214112e-06, 7.117074e-07, 9.129845e-06) )
				((2.225522e-06, 5.000189e-06, 8.930600e-06) (9.588153e-06, 1.821617e-07, 8.909618e-06) )
				((1.585786e-06, 5.542697e-06, 8.816418e-06) (9.499365e-06, 4.486517e-07, 8.600819e-06) )
				((9.717065e-07, 5.542957e-06, 8.760770e-06) (9.021464e-06, 1.323949e-07, 8.286670e-06) )
				((7.538043e-07, 5.332732e-06, 8.621541e-06) (9.553556e-06, 5.212184e-08, 8.131256e-06) )
				((3.903589e-07, 4.985097e-06, 8.435134e-06) (9.798525e-06, 9.481781e-08, 8.980861e-06) )
				((1.480955e-07, 4.770620e-06, 9.068688e-06) (9.955346e-06, 3.045246e-07, 8.717030e-06) )
				((1.807876e-08, 4.573703e-06, 9.169201e-06) (9.459434e-06, 7.921385e-07, 8.621111e-06) )
				((3.136108e-07, 4.022460e-06, 8.996715e-06) (9.976017e-06, 5.290191e-07, 8.135670e-06) )
				((3.830355e-07, 4.177278e-06, 8.950901e-06) (9.407426e-06, 4.017780e-07, 8.684709e-06) )
				((1.992738e-07, 3.773993e-06, 8.554515e-06) (9.921023e-06, 8.898239e-07, 8.605243e-06) )
				((3.342553e-07, 2.775849e-06, 8.666284e-06) (9.502773e-06, 1.048740e-06, 8.438572e-06) )
				((7.728424e-07, 2.870164e-06, 8.621237e-06) (9.363416e-06, 9.675134e-07, 8.397863e-06) )
				((1.064875e-06, 3.107396e-06, 8.120599e-06) (8.494528e-06, 7.031649e-07, 8.731807e-06) )
				((8.346260e-07, 3.104740e-06, 8.329381e-06) (7.638521e-06, 6.743995e-07, 8.352674e-06) )
				((1.129389e-06, 3.703114e-06, 7.546095e-06) (7.851582e-06, 6.024915e-07, 7.867086e-06) )
				((1.050424e-06, 4.210167e-06, 8.212000e-06) (7.580227e-06, 4.682575e-07, 7.565678e-06) )
				((1.011642e-06, 4.804076e-06, 7.258295e-06) (7.779421e-06, 3.038115e-08, 7.769262e-06) )
				((1.311298e-06, 4.902104e-06, 7.872601e-06) (8.370229e-06, 3.093872e-07, 7.302131e-06) )
				((2.192265e-06, 4.368470e-06, 7.194893e-06) (8.157114e-06, 2.228227e-07, 6.898277e-06) )
				((1.360089e-06, 4.987536e-06, 7.903300e-06) (8.262443e-06, 3.976345e-07, 6.958295e-06) )
				((1.234584e-06, 5.446370e-06, 7.438557e-06) (8.676883e-06, 5.663069e-07, 6.273679e-06) )
				((1.774689e-06, 5.558545e-06, 7.562776e-06) (8.605952e-06, 2.958100e-07, 6.814683e-06) )
				((2.043744e-06, 4.873641e-06, 7.470477e-06) (8.969787e-06, 1.383198e-08, 7.337383e-06) )
				((2.679361e-06, 4.682447e-06, 7.302302e-06) (9.206192e-06, 2.544857e-08, 6.471076e-06) )
				((3.352492e-06, 4.994869e-06, 7.207342e-06) (8.618279e-06, 8.521312e-07, 6.938483e-06) )
				((2.754431e-06, 5.292079e-06, 7.409317e-06) (7.433143e-06, 8.116642e-07, 7.465198e-06) )
				((2.769088e-06, 5.853012e-06, 7.753204e-06) (7.527554e-06, 2.730105e-07, 7.621670e-06) )
				((2.723515e-06, 5.766223e-06, 7.528986e-06) (7.707241e-06, 3.613843e-08, 7.289326e-06) )
				((2.813231e-06, 6.681910e-06, 7.742791e-06) (8.378450e-06, 7.315159e-07, 7.318683e-06) )
				((2.503135e-06, 6.978402e-06, 8.132187e-06) (8.598667e-06, 1.328838e-06, 7.496891e-06) )
				((2.070491e-06, 6.792062e-06, 8.947600e-06) (9.154704e-06, 1.509281e-06, 7.619586e-06) )
				((1.908684e-06, 7.075506e-06, 8.414920e-06) (8.857171e-06, 1.238339e-06, 7.595229e-06) )
				((2.482502e-06, 6.624429e-06, 8.566592e-06) (9.103463e-06, 1.589444e-06, 6.711739e-06) )
				((2.963017e-06, 6.044257e-06, 9.043133e-06) (8.270743e-06, 1.951693e-06, 7.173576e-06) )
				((2.843502e-06, 5.464905e-06, 9.658043e-06) (8.620117e-06, 1.747511e-06, 7.483044e-06) )
				((3.347323e-06, 5.055416e-06, 9.204662e-06) (8.894004e-06, 2.044566e-06, 6.971108e-06) )
				((3.412355e-06, 5.332745e-06, 8.984467e-06) (8.976131e-06, 1.046207e-06, 7.065815e-06) )
				((3.532838e-06, 6.330565e-06, 8.291769e-06) (9.652064e-06, 8.266196e-07, 7.467768e-06) )
				((2.997068e-06, 5.940508e-06, 8.550877e-06) (9.193299e-06, 9.776753e-07, 7.406495e-06) )
				((2.168400e-06, 5.267156e-06, 9.129781e-06) (9.500459e-06, 1.207292e-06, 7.208327e-06) )
				((2.808006e-06, 5.700713e-06, 8.487747e-06) (9.621944e-06, 6.748818e-07, 7.208802e-06) )
				((2.841874e-06, 5.940609e-06, 9.134109e-06) (9.654142e-06, 3.985975e-07, 7.849868e-06) )
				((2.509457e-06, 5.564448e-06, 8.662370e-06) (9.607359e-06, 4.149116e-08, 7.996728e-06) )
				((2.099391e-06, 5.864269e-06, 9.027805e-06) (9.128904e-06, 6.346325e-07, 8.390178e-06) )
				((2.715251e-06, 5.330788e-06, 8.892415e-06) (8.631947e-06, 1.005989e-06, 9.033838e-06) )
				((2.552614e-06, 4.888062e-06, 9.249547e-06) (9.063952e-06, 1.801279e-06, 8.811676e-06) )
				((3.023959e-06, 4.119923e-06, 9.646220e-06) (9.567458e-06, 2.702040e-06, 8.647879e-06) )
				((3.113446e-06, 4.359717e-06, 9.613277e-06) (9.483378e-06, 2.903576e-06, 9.039874e-06) )
				((2.920186e-06, 4.115849e-06, 9.735415e-06) (9.285928e-06, 2.565640e-06, 9.418388e-06) )
				((2.871696e-06, 3.424576e-06, 9.881204e-06) (9.514233e-06, 2.921557e-06, 9.325679e-06) )
				((2.360195e-06, 2.833630e-06, 9.254566e-06) (9.828233e-06, 2.861068e-06, 9.278858e-06) )
				((2.029702e-06, 2.890243e-06, 9.146830e-06) (9.889878e-06, 2.946675e-06, 9.069412e-06) )
				((1.577768e-06, 2.503554e-06, 9.589039e-06) (9.983950e-06, 3.347811e-06, 9.263234e-06) )
				((2.240302e-06, 2.309563e-06, 9.483085e-06) (9.389920e-06, 3.634640e-06, 8.763189e-06) )
				((2.617209e-06, 2.219435e-06, 9.401917e-06) (9.881688e-06, 2.786419e-06, 8.682883e-06) )
				((3.256239e-06, 2.667910e-06, 9.355659e-06) (9.761598e-06, 2.143269e-06, 9.618568e-06) )
				((3.171207e-06, 3.168136e-06, 9.916982e-06) (9.655284e-06, 2.210412e-06, 9.545204e-06) )
				((3.137138e-06, 2.731382e-06, 9.754356e-06) (9.834452e-06, 2.084515e-06, 9.786922e-06) )
				((3.095488e-06, 3.131948e-06, 9.309720e-06) (9.647047e-06, 2.651567e-06, 9.508517e-06) )
				((3.340253e-06, 2.649663e-06, 9.213178e-06) (9.151338e-06, 2.679805e-06, 9.806735e-06) )
				((3.188285e-06, 3.072299e-06, 9.777028e-06) (8.978443e-06, 2.366410e-06, 9.013398e-06) )
				((3.601573e-06, 3.800149e-06, 9.600197e-06) (9.839416e-06, 2.647225e-06, 9.509534e-06) )
				((3.234792e-06, 3.371395e-06, 9.240389e-06) (9.742415e-06, 3.035032e-06, 9.381360e-06) )
				((3.001645e-06, 3.879626e-06, 9.059856e-06) (9.352881e-06, 3.215884e-06, 9.465489e-06) )
				((3.169514e-06, 3.794444e-06, 8.607037e-06) (8.467496e-06, 2.621627e-06, 9.608861e-06) )
				((3.009435e-06, 4.049384e-06, 8.630884e-06) (7.809592e-06, 2.430731e-06, 9.592433e-06) )
				((3.310110e-06, 4.002116e-06, 8.608623e-06) (7.943789e-06, 2.395100e-06, 9.295509e-06) )
				((3.394465e-06, 4.402877e-06, 8.570768e-06) (8.300973e-06, 2.177159e-06, 9.582137e-06) )
				((3.361157e-06, 4.180845e-06, 8.120488e-06) (8.386879e-06, 2.116058e-06, 8.558396e-06) )
				((2.999271e-06, 4.827586e-06, 8.272709e-06) (9.175653e-06, 1.681139e-06, 9.026452e-06) )
				((2.285413e-06, 5.305006e-06, 7.624305e-06) (9.953534e-06, 2.166402e-06, 8.572739e-06) )
				((2.396921e-06, 5.455514e-06, 7.583652e-06) (9.919841e-06, 2.825301e-06, 8.633159e-06) )
				((2.117379e-06, 4.940804e-06, 7.695611e-06) (9.033734e-06, 2.643890e-06, 8.501132e-06) )
				((2.447810e-06, 4.674118e-06, 8.612573e-06) (8.636517e-06, 2.021845e-06, 8.170396e-06) )
				((2.803970e-06, 4.907702e-06, 8.948367e-06) (9.094024e-06, 1.917137e-06, 9.060616e-06) )
				((2.927653e-06, 3.953619e-06, 8.125142e-06) (9.337181e-06, 2.408466e-06, 8.465898e-06) )
				((2.198055e-06, 4.460901e-06, 7.859258e-06) (9.936429e-06, 2.410990e-06, 8.184368e-06) )
				((2.270983e-06, 4.873764e-06, 7.926076e-06) (9.904167e-06, 2.084036e-06, 9.030300e-06) )
				((2.500835e-06, 4.444318e-06, 8.227354e-06) (9.990957e-06, 2.799895e-06, 9.473609e-06) )
				((3.026545e-06, 4.329622e-06, 8.256771e-06) (9.842650e-06, 2.648349e-06, 9.439199e-06) )
				((3.020898e-06, 4.634772e-06, 7.715825e-06) (9.450606e-06, 2.356825e-06, 9.291470e-06) )
				((3.114056e-06, 5.298349e-06, 7.740784e-06) (9.502073e-06, 2.171401e-06, 8.834291e-06) )
				((2.626529e-06, 5.448326e-06, 8.258377e-06) (9.220624e-06, 3.063193e-06, 8.691264e-06) )
				((1.758290e-06, 5.462723e-06, 8.653732e-06) (9.471701e-06, 3.471552e-06, 9.073066e-06) )
				((1.704320e-06, 6.130750e-06, 8.404572e-06) (9.985766e-06, 2.127321e-06, 9.045305e-06) )
				((1.471468e-06, 7.129503e-06, 8.742351e-06) (9.237199e-06, 1.624567e-06, 8.768601e-06) )
				((1.752651e-06, 6.917927e-06, 8.774643e-06) (9.331613e-06, 1.843310e-06, 9.701322e-06) )
				((9.453353e-07, 6.985270e-06, 8.509767e-06) (8.764474e-06, 1.924076e-06, 8.948370e-06) )
				((1.093455e-06, 6.114316e-06, 8.781690e-06) (9.130708e-06, 2.120800e-06, 8.746912e-06) )
				((7.438567e-07, 6.440234e-06, 8.464551e-06) (9.292005e-06, 1.885996e-06, 8.935671e-06) )
				((1.119844e-06, 6.145074e-06, 8.082158e-06) (8.837774e-06, 1.992739e-06, 8.597401e-06) )
				((6.885983e-07, 6.948138e-06, 7.698347e-06) (9.204434e-06, 1.699835e-06, 8.016766e-06) )
				((3.559794e-08, 7.484951e-06, 7.392175e-06) (9.366677e-06, 2.440192e-06, 7.649941e-06) )
				((4.266155e-07, 7.322183e-06, 7.015518e-06) (8.983399e-06, 2.669416e-06, 7.368496e-06) )
				((7.962700e-07, 7.968737e-06, 7.469218e-06) (9.672205e-06, 3.012108e-06, 7.419789e-06) )
				((2.091838e-07, 7.604431e-06, 7.070347e-06) (9.928847e-06, 2.717452e-06, 7.431139e-06) )
				((1.548603e-07, 7.060521e-06, 7.147296e-06) (9.667984e-06, 3.268577e-06, 7.113701e-06) )
				((4.011608e-07, 6.832154e-06, 6.884863e-06) (9.316492e-06, 3.323723e-06, 7.326532e-06) )
				((3.143823e-07, 6.310492e-06, 7.494059e-06) (8.965300e-06, 3.286171e-06, 6.809710e-06) )
				((5.421223e-07, 6.511109e-06, 7.486147e-06) (8.727566e-06, 3.406586e-06, 7.503609e-06) )
				((2.147823e-07, 7.022126e-06, 7.362884e-06) (8.662324e-06, 3.420466e-06, 7.734769e-06) )
				((2.987184e-07, 7.178725e-06, 7.932916e-06) (8.558057e-06, 2.860444e-06, 7.882838e-06) )
				((8.740196e-07, 7.179044e-06, 7.887944e-06) (8.898666e-06, 2.796272e-06, 8.521299e-06) )
				((8.542990e-07, 6.602518e-06, 7.959722e-06) (9.592037e-06, 3.790158e-06, 7.909967e-06) )
				((8.168787e-07, 6.411372e-06, 7.891642e-06) (8.945506e-06, 3.896125e-06, 8.333860e-06) )
				((5.212706e-07, 6.428755e-06, 8.192277e-06) (9.035864e-06, 4.242703e-06, 8.621432e-06) )
				((3.708966e-07, 6.923031e-06, 7.332193e-06) (8.960330e-06, 4.327545e-06, 8.925678e-06) )
				((8.399956e-07, 6.915415e-06, 6.946866e-06) (8.924409e-06, 5.352641e-06, 8.417927e-06) )
				((8.827801e-07, 6.735948e-06, 7.420404e-06) (9.433293e-06, 5.424250e-06, 8.097048e-06) )
				((1.009929e-06, 7.817902e-06, 7.022114e-06) (9.677819e-06, 4.532595e-06, 8.540012e-06) )
				((9.723505e-07, 7.885411e-06, 7.063395e-06) (9.690915e-06, 4.472080e-06, 8.544672e-06) )
				((6.498303e-07, 8.681362e-06, 7.179058e-06) (9.894168e-06, 4.429924e-06, 9.119867e-06) )
				((4.419926e-07, 8.135950e-06, 7.166837e-06) (9.982635e-06, 4.629793e-06, 8.937425e-06) )
				((2.119959e-07, 7.636432e-06, 6.262423e-06) (9.854623e-06, 5.024340e-06, 9.337500e-06) )
				((3.938949e-07, 7.678928e-06, 6.451351e-06) (9.999498e-06, 4.576775e-06, 9.512352e-06) )
				((7.967345e-07, 7.249909e-06, 5.940383e-06) (9.240139e-06, 4.925573e-06, 9.299975e-06) )
				((7.386408e-07, 6.607264e-06, 6.350643e-06) (9.598990e-06, 5.179958e-06, 9.747097e-06) )
				((7.579184e-07, 6.184105e-06, 6.857182e-06) (9.300790e-06, 4.628581e-06, 9.702527e-06) )
				((1.431712e-06, 6.142257e-06, 6.828439e-06) (9.585242e-06, 4.903839e-06, 9.871823e-06) )
				((1.614693e-06, 6.384641e-06, 7.385126e-06) (9.125009e-06, 5.070724e-06, 9.810868e-06) )
				((1.537809e-06, 7.126568e-06, 7.152394e-06) (9.259088e-06, 5.508878e-06, 9.802361e-06) )
				((2.181856e-06, 6.836766e-06, 7.458204e-06) (9.113261e-06, 5.714781e-06, 8.896573e-06) )
				((1.222785e-06, 7.560587e-06, 7.208407e-06) (8.255469e-06, 5.969590e-06, 8.247201e-06) )
				((7.283543e-07, 7.559847e-06, 7.703001e-06) (7.867665e-06, 5.334353e-06, 9.292582e-06) )
				((6.311138e-07, 7.421955e-06, 7.642128e-06) (7.849189e-06, 5.813362e-06, 9.247735e-06) )
				((8.198286e-07, 8.222749e-06, 7.663734e-06) (7.477702e-06, 5.998448e-06, 8.901007e-06) )
				((8.497079e-07, 7.956377e-06, 7.473449e-06) (7.359741e-06, 6.421350e-06, 8.742666e-06) )
				((1.114680e-06, 7.288798e-06, 7.769334e-06) (7.087561e-06, 6.236061e-06, 8.238650e-06) )
				((1.159008e-06, 7.087115e-06, 7.118724e-06) (7.453170e-06, 6.128768e-06, 8.059488e-06) )
				((1.043170e-06, 7.286829e-06, 6.894794e-06) (7.425191e-06, 6.276088e-06, 8.496666e-06) )
				((1.429754e-07, 7.350664e-06, 7.454423e-06) (7.060499e-06, 6.365186e-06, 8.408995e-06) )
				((4.834501e-07, 8.073762e-06, 7.366244e-06) (6.941894e-06, 6.767526e-06, 8.199648e-06) )
				((8.149158e-07, 7.619571e-06, 7.195138e-06) (6.452447e-06, 7.071802e-06, 8.149861e-06) )
				((1.578732e-07, 8.088222e-06, 6.720668e-06) (5.821946e-06, 6.216140e-06, 8.250351e-06) )
				((4.791951e-07, 7.424290e-06, 6.975543e-06) (6.038911e-06, 6.202937e-06, 7.624102e-06) )
				((9.359091e-07, 7.619681e-06, 6.816070e-06) (5.373272e-06, 6.626099e-06, 7.728783e-06) )
				((1.831045e-06, 7.830805e-06, 7.049034e-06) (5.359790e-06, 6.282681e-06, 8.092714e-06) )
				((1.994707e-06, 8.231173e-06, 6.357593e-06) (4.755297e-06, 5.684363e-06, 8.167336e-06) )
				((1.963379e-06, 9.125402e-06, 6.443295e-06) (4.102193e-06, 6.446577e-06, 8.253298e-06) )
				((2.151156e-06, 8.462018e-06, 6.254175e-06) (4.423571e-06, 5.690878e-06, 8.969106e-06) )
				((1.536768e-06, 8.335745e-06, 5.450129e-06) (4.580647e-06, 6.254699e-06, 8.556744e-06) )
				((1.515142e-06, 7.899516e-06, 5.113418e-06) (4.018621e-06, 6.215958e-06, 8.191304e-06) )
				((1.248387e-06, 7.945382e-06, 5.296417e-06) (4.683804e-06, 6.318079e-06, 8.171846e-06) )
				((1.137494e-06, 8.271438e-06, 5.823464e-06) (5.228798e-06, 6.327097e-06, 7.883991e-06) )
				((8.567718e-07, 8.079806e-06, 5.582059e-06) (5.128541e-06, 6.260304e-06, 7.719924e-06) )
				((7.706226e-07, 8.536340e-06, 6.926222e-06) (5.039436e-06, 6.496789e-06, 7.784071e-06) )
				((7.632076e-07, 7.968957e-06, 7.107834e-06) (5.044733e-06, 6.528158e-06, 7.324166e-06) )
				((2.906543e-07, 7.030775e-06, 7.892917e-06) (4.918974e-06, 6.858883e-06, 6.395334e-06) )
				((4.178874e-07, 7.013543e-06, 7.790198e-06) (3.996198e-06, 6.524384e-06, 7.644092e-06) )
				((5.930346e-07, 7.143899e-06, 7.642138e-06) (3.935084e-06, 6.019695e-06, 7.603178e-06) )
				((8.948656e-07, 8.138994e-06, 7.341704e-06) (4.650847e-06, 6.001609e-06, 7.704507e-06) )
				((9.802873e-07, 8.345707e-06, 7.585546e-06) (4.243001e-06, 6.044203e-06, 8.490978e-06) )
				((1.136856e-06, 8.185543e-06, 7.667321e-06) (4.585828e-06, 6.467473e-06, 8.925159e-06) )
				((1.448614e-06, 8.430010e-06, 7.297532e-06) (4.404509e-06, 6.575317e-06, 8.965238e-06) )
				((1.099923e-06, 8.494651e-06, 6.958327e-06) (4.830814e-06, 6.286799e-06, 8.735145e-06) )
				((7.149504e-07, 8.075701e-06, 6.975381e-06) (4.514209e-06, 6.816976e-06, 8.763379e-06) )
				((1.723634e-07, 8.908885e-06, 6.608691e-06) (3.892679e-06, 6.458477e-06, 8.963354e-06) )
				((1.942977e-07, 8.691987e-06, 7.093720e-06) (4.381076e-06, 6.924176e-06, 9.194366e-06) )
				((4.293324e-08, 8.758067e-06, 7.716066e-06) (3.897799e-06, 7.194886e-06, 8.835181e-06) )
				((1.676316e-07, 8.684055e-06, 7.469962e-06) (3.920965e-06, 7.430023e-06, 8.090324e-06) )
				((4.594015e-07, 8.359770e-06, 8.004995e-06) (4.174978e-06, 7.182740e-06, 7.870550e-06) )
				((3.923193e-07, 7.931543e-06, 8.643236e-06) (3.797394e-06, 7.124649e-06, 7.616980e-06) )
				((1.039929e-07, 8.546803e-06, 8.880411e-06) (3.593737e-06, 7.625771e-06, 7.560449e-06) )
				((1.009833e-06, 8.439520e-06, 8.762424e-06) (3.630251e-06, 6.558168e-06, 7.664067e-06) )
				((1.708746e-06, 9.233010e-06, 8.806650e-06) (3.995187e-06, 6.341310e-06, 6.437158e-06) )
				((1.141836e-06, 9.442548e-06, 8.349855e-06) (3.508347e-06, 6.679324e-06, 6.494366e-06) )
				((6.851958e-07, 9.496155e-06, 7.138595e-06) (2.942913e-06, 6.439967e-06, 6.579740e-06) )
				((1.876772e-07, 9.420042e-06, 6.904003e-06) (2.730140e-06, 6.825280e-06, 6.441712e-06) )
				((2.297193e-07, 9.319043e-06, 7.561919e-06) (2.334334e-06, 6.519155e-06, 7.070897e-06) )
				((2.898828e-07, 9.460428e-06, 8.129508e-06) (2.301344e-06, 6.431081e-06, 6.095113e-06) )
				((4.580306e-07, 9.939481e-06, 8.220915e-06) (1.946994e-06, 6.781177e-06, 6.039612e-06) )
				((7.644249e-07, 9.789826e-06, 7.818892e-06) (2.135430e-06, 6.556538e-06, 6.296734e-06) )
				((6.104995e-07, 9.151385e-06, 7.756085e-06) (2.143522e-06, 6.161058e-06, 5.796018e-06) )
				((5.502590e-07, 9.033062e-06, 7.742272e-06) (3.142447e-06, 5.284869e-06, 6.284324e-06) )
				((6.296964e-08, 9.051676e-06, 7.580288e-06) (3.454630e-06, 4.729298e-06, 6.871117e-06) )
				((6.179129e-07, 9.171851e-06, 7.353348e-06) (3.620005e-06, 4.822769e-06, 7.691601e-06) )
				((1.172540e-06, 9.084978e-06, 7.614088e-06) (2.587853e-06, 5.342050e-06, 7.683253e-06) )
				((8.154071e-07, 9.077429e-06, 7.249618e-06) (1.928017e-06, 5.406066e-06, 8.022205e-06) )
				((1.929711e-06, 8.919115e-06, 7.700577e-06) (1.683830e-06, 4.332317e-06, 7.723310e-06) )
				((2.140513e-06, 8.599684e-06, 7.876900e-06) (1.698444e-06, 4.669702e-06, 7.178357e-06) )
				((2.611000e-06, 8.696800e-06, 8.020636e-06) (1.783019e-06, 5.235209e-06, 6.657024e-06) )
				((1.871114e-06, 9.016790e-06, 7.621564e-06) (1.688041e-06, 5.664352e-06, 6.588765e-06) )
				((1.259638e-06, 9.551525e-06, 7.596382e-06) (2.252728e-06, 5.895964e-06, 6.698616e-06) )
				((1.371018e-06, 9.057192e-06, 7.494879e-06) (2.458747e-06, 5.652810e-06, 7.030086e-06) )
				((1.384911e-06, 9.100563e-06, 7.518240e-06) (2.676180e-06, 4.933186e-06, 7.002373e-06) )
				((1.237830e-06, 9.820577e-06, 7.651939e-06) (2.328095e-06, 4.697887e-06, 7.048272e-06) )
				((1.466393e-06, 9.651486e-06, 8.731909e-06) (2.152624e-06, 4.489087e-06, 6.702836e-06) )
				((8.457693e-07, 9.931304e-06, 8.949276e-06) (2.453877e-06, 4.705068e-06, 7.508355e-06) )
				((1.313913e-06, 9.985940e-06, 9.166387e-06) (1.633442e-06, 5.084093e-06, 8.233733e-06) )
				((1.536242e-06, 9.922794e-06, 9.024857e-06) (1.803238e-06, 5.781255e-06, 8.415558e-06) )
				((1.258098e-06, 8.700133e-06, 8.565592e-06) (1.366209e-06, 6.099867e-06, 8.296763e-06) )
				((1.347686e-06, 8.390076e-06, 8.412643e-06) (1.774818e-06, 6.585534e-06, 7.403723e-06) )
				((1.980224e-06, 8.414455e-06, 8.250420e-06) (1.463921e-06, 6.779845e-06, 8.539121e-06) )
				((8.216110e-07, 8.583032e-06, 7.965315e-06) (1.762251e-06, 7.052894e-06, 9.566054e-06) )
				((3.307283e-07, 8.619444e-06, 7.477072e-06) (2.308177e-06, 7.063099e-06, 9.673866e-06) )
				((5.416251e-07, 8.670784e-06, 7.651001e-06) (2.574777e-06, 6.933125e-06, 9.968904e-06) )
				((1.021570e-06, 9.098554e-06, 7.621155e-06) (2.385891e-06, 6.693888e-06, 9.742960e-06) )
				((1.370306e-06, 9.105698e-06, 7.774752e-06) (2.599642e-06, 6.835758e-06, 9.947915e-06) )
				((1.169215e-06, 9.289635e-06, 7.207014e-06) (2.070828e-06, 6.730437e-06, 9.493020e-06) )
				((8.654983e-07, 8.541673e-06, 7.111153e-06) (1.581479e-06, 6.537734e-06, 9.748786e-06) )
				((1.500244e-06, 8.842206e-06, 7.489551e-06) (1.485968e-06, 6.180809e-06, 9.093412e-06) )
				((2.038565e-06, 8.825063e-06, 7.505684e-06) (1.832710e-06, 5.985833e-06, 8.382208e-06) )
				((2.451195e-06, 8.914269e-06, 7.971856e-06) (1.918680e-06, 5.940612e-06, 8.904685e-06) )
				((2.265712e-06, 9.325718e-06, 7.439240e-06) (2.221973e-06, 5.476185e-06, 9.340394e-06) )
				((2.378770e-06, 9.035519e-06, 7.776310e-06) (1.971174e-06, 5.537205e-06, 9.595606e-06) )
				((2.485299e-06, 8.899862e-06, 8.046276e-06) (2.184551e-06, 5.900741e-06, 9.025753e-06) )
				((2.943290e-06, 8.825901e-06, 8.079933e-06) (2.493915e-06, 6.403326e-06, 8.917624e-06) )
				((3.510962e-06, 8.146476e-06, 9.001838e-06) (2.040872e-06, 5.882950e-06, 8.372526e-06) )
				((3.097443e-06, 8.691578e-06, 9.158015e-06) (2.164407e-06, 5.895389e-06, 8.372257e-06) )
				((2.854380e-06, 9.002757e-06, 9.753353e-06) (2.120881e-06, 6.504019e-06, 8.689648e-06) )
				((2.553703e-06, 9.189996e-06, 9.991684e-06) (2.264744e-06, 6.464386e-06, 7.702150e-06) )
				((2.759029e-06, 9.247077e-06, 9.713764e-06) (1.875170e-06, 6.014707e-06, 6.662424e-06) )
				((2.013281e-06, 9.725204e-06, 9.994117e-06) (1.769530e-06, 5.142688e-06, 6.909098e-06) )
				((1.635255e-06, 8.873084e-06, 9.084688e-06) (1.044542e-06, 5.587122e-06, 7.372768e-06) )
				((1.506435e-06, 9.491954e-06, 9.472002e-06) (1.766728e-06, 5.565535e-06, 7.556530e-06) )
				((1.610418e-06, 9.115373e-06, 9.740438e-06) (1.725840e-06, 6.110191e-06, 7.395298e-06) )
				((1.735971e-06, 8.944546e-06, 9.247562e-06) (2.151748e-06, 5.404188e-06, 6.993158e-06) )
				((2.288966e-06, 9.214159e-06, 8.956524e-06) (2.155574e-06, 5.645021e-06, 7.390414e-06) )
				((2.498439e-06, 9.659342e-06, 9.386369e-06) (2.023825e-06, 5.841665e-06, 7.373666e-06) )
				((2.999930e-06, 9.369041e-06, 9.706980e-06) (2.516619e-06, 5.789674e-06, 6.629571e-06) )
				((3.057856e-06, 8.897398e-06, 9.794051e-06) (2.353159e-06, 4.885819e-06, 6.406186e-06) )
				((3.103573e-06, 8.199219e-06, 9.716926e-06) (2.503270e-06, 5.150248e-06, 6.173807e-06) )
				((3.416300e-06, 8.015419e-06, 8.930372e-06) (2.059425e-06, 5.912191e-06, 6.387141e-06) )
				((3.081500e-06, 8.120686e-06, 8.437520e-06) (2.166664e-06, 5.772070e-06, 7.034819e-06) )
				((2.973708e-06, 7.307393e-06, 8.389434e-06) (3.009329e-06, 5.223316e-06, 7.623641e-06) )
				((2.577066e-06, 7.787217e-06, 7.833573e-06) (2.588748e-06, 4.973523e-06, 7.045100e-06) )
				((1.822922e-06, 7.765036e-06, 7.972540e-06) (2.569702e-06, 5.299877e-06, 7.508484e-06) )
				((1.871388e-06, 7.473199e-06, 7.935713e-06) (3.231840e-06, 4.580267e-06, 6.561660e-06) )
				((1.265639e-06, 8.008706e-06, 8.176268e-06) (3.796722e-06, 4.843750e-06, 6.100049e-06) )
				((1.156284e-06, 8.691233e-06, 8.380798e-06) (3.832953e-06, 5.091205e-06, 5.697324e-06) )
				((2.628036e-06, 9.008649e-06, 8.595825e-06) (3.939716e-06, 4.271057e-06, 5.890795e-06) )
				((2.542598e-06, 8.466395e-06, 8.808373e-06) (4.179136e-06, 3.898339e-06, 5.695139e-06) )
				((2.174787e-06, 8.618213e-06, 8.499982e-06) (4.043238e-06, 4.067638e-06, 5.530473e-06) )
				((2.491951e-06, 9.195920e-06, 8.523212e-06) (4.134940e-06, 3.757718e-06, 5.567383e-06) )
				((1.828388e-06, 9.264541e-06, 9.256723e-06) (4.035231e-06, 3.098653e-06, 5.572885e-06) )
				((1.607972e-06, 9.027687e-06, 9.346284e-06) (4.137490e-06, 3.260113e-06, 5.192837e-06) )
				((2.275654e-06, 9.094264e-06, 8.380549e-06) (4.950243e-06, 2.429982e-06, 4.418039e-06) )
				((3.223605e-06, 9.488198e-06, 8.747666e-06) (4.329521e-06, 1.237790e-06, 5.059667e-06) )
				((3.571597e-06, 9.020439e-06, 8.634189e-06) (4.074152e-06, 9.359377e-07, 4.546570e-06) )
				((2.927856e-06, 8.489595e-06, 9.010678e-06) (3.696111e-06, 1.351898e-07, 3.724837e-06) )
				((2.693718e-06, 8.216219e-06, 9.122511e-06) (4.120055e-06, 4.975847e-07, 3.541794e-06) )
				((2.938846e-06, 8.847261e-06, 8.950820e-06) (3.653633e-06, 5.289116e-07, 3.087917e-06) )
				((1.576885e-06, 8.998173e-06, 9.245090e-06) (3.486988e-06, 2.280264e-07, 4.179479e-06) )
				((1.436029e-06, 9.704738e-06, 8.689481e-06) (3.952063e-06, 1.072063e-07, 4.828657e-06) )
				((2.102400e-06, 9.480007e-06, 8.836805e-06) (3.173553e-06, 4.819953e-07, 5.700930e-06) )
				((1.797830e-06, 8.905826e-06, 8.782040e-06) (2.871144e-06, 6.423916e-07, 5.957420e-06) )
				((1.449368e-06, 8.467294e-06, 8.528331e-06) (2.682071e-06, 1.005495e-06, 5.721513e-06) )
				((1.640721e-06, 8.667333e-06, 8.406305e-06) (2.836843e-06, 9.510876e-08, 6.316491e-06) )
				((1.722440e-06, 8.300301e-06, 7.665440e-06) (2.978067e-06, 2.654268e-07, 5.822830e-06) )
				((1.211817e-06, 9.155889e-06, 7.607440e-06) (2.763392e-06, 3.194574e-08, 5.283322e-06) )
				((1.790048e-06, 8.620080e-06, 7.881209e-06) (2.925581e-06, 4.450854e-07, 5.760769e-06) )
				((1.814632e-06, 8.741141e-06, 8.921074e-06) (2.750413e-06, 5.644083e-07, 5.593983e-06) )
				((1.501370e-06, 9.171165e-06, 8.875036e-06) (2.463133e-06, 3.838591e-07, 4.918592e-06) )
				((1.604962e-06, 9.800389e-06, 9.457739e-06) (2.893050e-06, 1.002289e-06, 5.286354e-06) )
				((1.283925e-06, 9.992617e-06, 9.781918e-06) (2.316566e-06, 9.680737e-07, 5.126005e-06) )
				((1.224903e-06, 9.541716e-06, 9.790617e-06) (3.018334e-06, 3.668941e-07, 5.274699e-06) )
				((1.378778e-06, 9.941205e-06, 9.607039e-06) (3.378873e-06, 4.496596e-07, 5.639927e-06) )
				((1.505674e-06, 9.745405e-06, 9.941638e-06) (3.865221e-06, 3.845799e-09, 6.246079e-06) )
				((1.801635e-06, 9.584037e-06, 9.655715e-06) (3.201111e-06, 5.840978e-07, 6.729189e-06) )
				((1.009470e-06, 9.826735e-06, 9.144718e-06) (2.934567e-06, 5.467329e-07, 6.349424e-06) )
				((5.636295e-08, 9.802606e-06, 8.560964e-06) (2.262370e-06, 5.559781e-07, 7.079857e-06) )
				((5.576356e-07, 9.769089e-06, 8.416518e-06) (1.819393e-06, 1.195491e-06, 6.588548e-06) )
				((6.702512e-07, 9.887562e-06, 7.718260e-06) (2.539302e-06, 1.683585e-06, 6.719336e-06) )
				((4.518868e-07, 9.421359e-06, 7.777681e-06) (2.119703e-06, 9.106205e-07, 7.260406e-06) )
				((6.277975e-07, 9.246249e-06, 7.306190e-06) (8.531184e-07, 1.638182e-06, 7.703315e-06) )
				((1.181246e-06, 9.486754e-06, 6.992984e-06) (6.375381e-07, 1.666809e-06, 7.208522e-06) )
				((7.298531e-07, 8.957921e-06, 7.616016e-06) (1.261910e-06, 2.640641e-06, 7.365124e-06) )
				((1.022820e-06, 9.975908e-06, 7.133595e-06) (9.921017e-07, 3.073755e-06, 6.978556e-06) )
				((1.479344e-06, 9.877521e-06, 7.486028e-06) (8.880855e-07, 2.920302e-06, 6.219216e-06) )
				((1.264303e-06, 9.724296e-06, 7.616245e-06) (3.088477e-07, 3.452711e-06, 6.166363e-06) )
				((1.469130e-06, 9.574946e-06, 7.465442e-06) (3.648913e-07, 2.702883e-06, 5.861519e-06) )
				((1.433638e-06, 9.645731e-06, 7.752287e-06) (8.013865e-07, 3.467190e-06, 6.129102e-06) )
				((1.465693e-06, 9.325397e-06, 7.954251e-06) (8.376113e-07, 3.054772e-06, 5.944394e-06) )
				((1.740766e-06, 9.525458e-06, 8.313932e-06) (1.222153e-06, 3.329273e-06, 6.033964e-06) )
				((2.024324e-06, 9.537321e-06, 8.823076e-06) (1.513019e-06, 3.054032e-06, 5.866505e-06) )
				((2.277532e-06, 9.607134e-06, 8.278104e-06) (1.144819e-06, 1.777810e-06, 5.780616e-06) )
				((2.305132e-06, 9.193370e-06, 8.765978e-06) (5.189826e-07, 1.836112e-06, 5.313693e-06) )
				((2.072411e-06, 9.665139e-06, 9.035988e-06) (3.531341e-07, 1.206875e-06, 5.397190e-06) )
				((2.600341e-06, 9.311220e-06, 8.719975e-06) (6.555139e-08, 7.261671e-07, 5.431666e-06) )
				((1.944739e-06, 9.875883e-06, 9.075495e-06) (1.714132e-07, 9.474696e-07, 5.344846e-06) )
				((2.114350e-06, 9.214244e-06, 8.480873e-06) (4.282798e-07, 5.660025e-07, 5.100690e-06) )
				((2.180413e-06, 9.456390e-06, 8.717162e-06) (7.907039e-07, 8.193092e-08, 5.079031e-06) )
				((3.171069e-06, 8.905017e-06, 9.168303e-06) (1.059511e-06, 1.029307e-07, 4.874126e-06) )
				((2.679539e-06, 8.782621e-06, 9.048059e-06) (1.109439e-06, 2.663694e-07, 4.560719e-06) )
				((3.259332e-06, 8.609730e-06, 9.301278e-06) (1.298272e-06, 2.726563e-07, 5.676713e-06) )
				((3.797565e-06, 8.064217e-06, 9.248670e-06) (1.947855e-06, 7.362315e-08, 5.021837e-06) )
				((4.726992e-06, 8.072142e-06, 9.022424e-06) (1.959348e-06, 2.137601e-07, 4.673222e-06) )
				((4.690014e-06, 8.219219e-06, 9.513408e-06) (1.544607e-06, 2.841302e-07, 4.981197e-06) )
				((4.860233e-06, 8.135588e-06, 8.900613e-06) (2.000435e-06, 4.512835e-07, 4.269137e-06) )
				((4.936779e-06, 8.231668e-06, 8.967654e-06) (1.983350e-06, 1.665820e-07, 4.199414e-06) )
				((4.407376e-06, 8.721364e-06, 8.452510e-06) (8.474682e-07, 7.135167e-07, 4.476502e-06) )
				((4.137254e-06, 8.996287e-06, 8.771230e-06) (2.095255e-07, 8.500076e-07, 4.728642e-06) )
				((3.776684e-06, 8.912340e-06, 9.118851e-06) (4.994227e-07, 1.883698e-07, 5.098606e-06) )
				((3.359812e-06, 9.188432e-06, 8.735966e-06) (9.125931e-07, 8.661674e-07, 4.762643e-06) )
				((3.583728e-06, 9.063267e-06, 8.555521e-06) (1.114881e-06, 1.294347e-06, 4.817731e-06) )
				((3.511801e-06, 9.797443e-06, 8.433729e-06) (1.021539e-06, 7.918769e-07, 5.651055e-06) )
				((3.384431e-06, 9.764604e-06, 8.336045e-06) (1.375364e-06, 7.452063e-07, 6.789738e-06) )
				((3.046910e-06, 9.722957e-06, 8.214762e-06) (1.685719e-06, 9.106613e-07, 6.676140e-06) )
				((2.999661e-06, 9.176621e-06, 7.741818e-06) (1.728345e-06, 1.005174e-06, 7.052550e-06) )
				((1.903872e-06, 8.965509e-06, 7.370502e-06) (1.517573e-06, 9.100558e-07, 7.684256e-06) )
				((2.212858e-06, 8.370186e-06, 6.804722e-06) (2.353329e-06, 3.529059e-07, 8.513272e-06) )
				((1.983780e-06, 9.047152e-06, 6.920010e-06) (2.709348e-06, 5.483764e-07, 7.977726e-06) )
				((1.160610e-06, 9.583133e-06, 6.560588e-06) (3.027130e-06, 5.453721e-07, 8.567209e-06) )
				((5.598549e-07, 9.660677e-06, 6.820783e-06) (3.624368e-06, 6.423263e-08, 8.749553e-06) )
				((6.091998e-07, 9.255328e-06, 7.811616e-06) (3.745056e-06, 4.427125e-07, 9.014427e-06) )
				((6.772916e-07, 9.282328e-06, 7.896670e-06) (4.527296e-06, 6.183025e-09, 8.581554e-06) )
				((4.354542e-07, 8.692004e-06, 7.852009e-06) (4.314482e-06, 9.631235e-07, 8.877912e-06) )
				((5.134709e-07, 8.597511e-06, 8.166887e-06) (4.052391e-06, 1.151926e-06, 8.920090e-06) )
				((1.262626e-08, 9.002510e-06, 7.525337e-06) (3.880494e-06, 7.423067e-07, 8.760537e-06) )
				((4.039503e-07, 9.977103e-06, 7.917213e-06) (3.746420e-06, 1.106770e-07, 8.066569e-06) )
				((5.386302e-07, 9.510309e-06, 7.468568e-06) (4.152747e-06, 4.498017e-07, 7.534007e-06) )
				((1.128294e-06, 9.553879e-06, 7.696965e-06) (3.537639e-06, 8.631701e-07, 7.654467e-06) )
				((6.446506e-07, 9.935425e-06, 7.257610e-06) (3.420995e-06, 6.175775e-07, 7.676899e-06) )
				((7.872594e-07, 9.832525e-06, 6.628714e-06) (3.110196e-06, 2.708414e-07, 7.900308e-06) )
				((3.243137e-07, 9.401612e-06, 5.683597e-06) (3.413802e-06, 1.685242e-07, 7.392663e-06) )
				((1.425826e-07, 9.974273e-06, 5.773316e-06) (3.513620e-06, 1.191964e-07, 7.242517e-06) )
				((7.544199e-08, 9.855502e-06, 5.868566e-06) (3.437371e-06, 2.815964e-07, 7.131624e-06) )
				((7.688224e-08, 9.784223e-06, 5.788568e-06) (3.870968e-06, 3.892643e-07, 7.248216e-06) )
				((1.878243e-07, 9.413857e-06, 6.130501e-06) (3.390116e-06, 1.175322e-07, 7.144460e-06) )
				((6.270016e-07, 9.641288e-06, 6.517358e-06) (2.716301e-06, 6.764750e-07, 7.027602e-06) )
				((4.345526e-07, 9.896357e-06, 6.280968e-06) (2.162120e-06, 1.435198e-06, 6.868498e-06) )
				((2.479620e-07, 9.589190e-06, 6.346164e-06) (1.322315e-06, 1.003691e-06, 6.667963e-06) )
				((5.691568e-08, 9.079636e-06, 6.309251e-06) (1.866046e-06, 1.888225e-06, 6.782998e-06) )
				((1.056393e-07, 9.568228e-06, 6.024471e-06) (2.387141e-06, 1.802971e-06, 6.869086e-06) )
				((2.580270e-07, 9.735629e-06, 6.478500e-06) (2.383093e-06, 1.122559e-06, 5.885255e-06) )
				((6.926187e-07, 9.859314e-06, 6.321901e-06) (2.560479e-06, 1.293129e-06, 6.307141e-06) )
				((2.992091e-07, 9.980903e-06, 6.334396e-06) (2.323012e-06, 1.529085e-06, 5.980247e-06) )
				((1.946526e-07, 9.877498e-06, 6.468864e-06) (2.557433e-06, 1.237255e-06, 6.314986e-06) )
				((4.190120e-07, 9.330444e-06, 6.628005e-06) (2.098275e-06, 1.015557e-06, 6.506126e-06) )
				((2.537472e-07, 8.880412e-06, 6.966753e-06) (2.778390e-06, 5.724400e-07, 6.487195e-06) )
				((4.501277e-07, 9.055383e-06, 7.296066e-06) (2.591405e-06, 2.275741e-07, 6.764006e-06) )
				((6.639813e-07, 9.032614e-06, 7.247747e-06) (2.737848e-06, 1.136652e-06, 7.481194e-06) )
				((9.428077e-08, 8.720844e-06, 7.362312e-06) (3.534014e-06, 7.998968e-07, 7.939538e-06) )
				((2.759791e-07, 9.352088e-06, 8.033767e-06) (4.060806e-06, 1.012042e-07, 8.056334e-06) )
				((5.290221e-07, 9.427089e-06, 8.063686e-06) (3.924513e-06, 4.782077e-07, 8.345315e-06) )
				((7.957822e-07, 9.357069e-06, 7.347056e-06) (4.088001e-06, 9.230553e-07, 8.361826e-06) )
				((9.172063e-07, 9.603096e-06, 7.452190e-06) (3.625014e-06, 1.464015e-06, 8.287427e-06) )
				((7.559713e-07, 9.731137e-06, 7.732395e-06) (3.753162e-06, 2.103908e-06, 8.093855e-06) )
				((7.774544e-07, 9.707505e-06, 8.233586e-06) (3.592384e-06, 2.277651e-06, 8.314166e-06) )
				((2.852969e-07, 9.971797e-06, 7.845069e-06) (3.525758e-06, 2.350911e-06, 7.802050e-06) )
				((1.277694e-07, 9.747412e-06, 8.182734e-06) (3.391130e-06, 2.583299e-06, 7.377631e-06) )
				((6.112055e-07, 9.755840e-06, 8.546796e-06) (3.430955e-06, 1.930349e-06, 7.091118e-06) )
				((1.239485e-07, 9.943393e-06, 8.616959e-06) (3.644175e-06, 1.495505e-06, 7.865051e-06) )
				((5.879777e-08, 9.551861e-06, 8.334355e-06) (3.996783e-06, 1.592995e-06, 7.986470e-06) )
				((1.201900e-07, 8.964569e-06, 8.017386e-06) (3.809847e-06, 1.383023e-06, 8.194413e-06) )
				((6.722468e-08, 8.253686e-06, 7.414068e-06) (3.549815e-06, 1.731275e-06, 8.180750e-06) )
				((4.026946e-08, 8.494836e-06, 7.220600e-06) (3.556446e-06, 1.891920e-06, 8.712565e-06) )
				((6.900484e-07, 8.906679e-06, 7.399137e-06) (3.790974e-06, 1.552597e-06, 8.750631e-06) )
				((8.939441e-07, 9.223571e-06, 7.174661e-06) (4.000749e-06, 6.370532e-07, 9.018129e-06) )
				((3.690382e-08, 9.194295e-06, 8.099172e-06) (4.436063e-06, 1.752589e-07, 8.246327e-06) )
				((2.171001e-07, 8.648603e-06, 8.332687e-06) (4.567368e-06, 4.863153e-07, 7.876384e-06) )
				((3.174778e-07, 8.281550e-06, 8.731790e-06) (3.578315e-06, 7.742101e-07, 7.331832e-06) )
				((8.678244e-08, 8.723439e-06, 9.299599e-06) (2.950533e-06, 1.035258e-06, 7.479088e-06) )
				((3.295290e-08, 9.318355e-06, 9.349961e-06) (3.383066e-06, 8.063782e-07, 7.244457e-06) )
				((6.422828e-08, 9.934848e-06, 8.546771e-06) (3.190432e-06, 6.335876e-07, 6.991651e-06) )
				((4.526059e-07, 9.344041e-06, 9.248800e-06) (2.764820e-06, 5.542492e-07, 7.019985e-06) )
				((5.011553e-07, 9.917931e-06, 9.208859e-06) (2.840443e-06, 1.073277e-06, 7.001751e-06) )
				((4.815774e-07, 9.784177e-06, 8.784543e-06) (3.151282e-06, 1.473289e-06, 6.831696e-06) )
				((2.820559e-07, 9.813832e-06, 9.229139e-06) (2.562541e-06, 1.359585e-06, 6.491588e-06) )
				((1.636128e-09, 9.999076e-06, 8.546434e-06) (2.721240e-06, 1.453796e-06, 6.704842e-06) )
				((8.137296e-10, 9.440594e-06, 8.396445e-06) (3.478023e-06, 1.234688e-06, 6.741673e-06) )
				((2.272105e-07, 9.869237e-06, 8.716394e-06) (3.347222e-06, 1.108305e-06, 7.104488e-06) )
				((5.784304e-08, 9.402101e-06, 9.473301e-06) (3.712093e-06, 9.087378e-07, 7.177709e-06) )
				((9.218091e-08, 9.176864e-06, 9.278938e-06) (3.720043e-06, 6.140504e-07, 6.793658e-06) )
				((6.055307e-07, 9.487007e-06, 9.760909e-06) (3.801667e-06, 6.041449e-07, 7.003561e-06) )
				((1.101553e-06, 9.315005e-06, 9.870191e-06) (3.941477e-06, 5.946415e-08, 7.120750e-06) )
				((1.351599e-06, 9.660274e-06, 9.716763e-06) (3.107019e-06, 2.894836e-07, 6.802007e-06) )
				((1.025656e-06, 9.466213e-06, 9.987575e-06) (3.314319e-06, 3.500097e-07, 6.701802e-06) )
				((1.074596e-06, 9.244569e-06, 9.694751e-06) (2.458987e-06, 4.611783e-07, 6.976144e-06) )
				((1.144553e-06, 9.198059e-06, 9.290687e-06) (2.294718e-06, 1.998358e-07, 6.496763e-06) )
				((8.941764e-07, 9.744192e-06, 9.743756e-06) (2.964785e-06, 1.207260e-06, 6.410128e-06) )
				((8.579495e-07, 9.740885e-06, 8.993768e-06) (2.920480e-06, 1.512908e-06, 6.358256e-06) )
				((6.111517e-07, 9.427363e-06, 9.379688e-06) (2.946517e-06, 1.498595e-06, 6.202881e-06) )
				((1.386196e-06, 9.574511e-06, 9.879648e-06) (3.337732e-06, 1.717199e-06, 6.801825e-06) )
				((1.533119e-06, 9.449846e-06, 9.891721e-06) (3.568363e-06, 2.234278e-06, 6.986950e-06) )
				((8.776113e-07, 9.159934e-06, 9.530791e-06) (4.315480e-06, 2.125400e-06, 7.068644e-06) )
				((8.611790e-07, 9.056765e-06, 9.714502e-06) (4.835125e-06, 2.153013e-06, 7.075338e-06) )
				((1.009664e-06, 9.105777e-06, 9.740287e-06) (5.004034e-06, 2.161206e-06, 7.232226e-06) )
				((1.653247e-06, 8.788958e-06, 9.755633e-06) (5.332649e-06, 2.437784e-06, 7.673677e-06) )
				((1.789573e-06, 8.653927e-06, 9.988731e-06) (4.651998e-06, 2.481449e-06, 7.493765e-06) )
				((1.469647e-06, 9.226350e-06, 9.491932e-06) (4.431191e-06, 2.326631e-06, 7.417332e-06) )
				((2.011649e-06, 9.161439e-06, 9.607400e-06) (4.002434e-06, 2.851473e-06, 7.366786e-06) )
				((2.417437e-06, 9.189817e-06, 9.242932e-06) (3.939125e-06, 3.172176e-06, 7.773155e-06) )
				((1.302820e-06, 9.338081e-06, 9.477128e-06) (3.921406e-06, 3.353965e-06, 7.402327e-06) )
				((5.869979e-07, 9.496883e-06, 9.594680e-06) (4.856493e-06, 3.282739e-06, 7.288208e-06) )
				((7.080828e-07, 9.419440e-06, 9.212829e-06) (4.770221e-06, 3.724376e-06, 7.073398e-06) )
				((1.080395e-06, 8.963086e-06, 8.844070e-06) (4.477145e-06, 4.092452e-06, 7.553919e-06) )
				((2.096620e-07, 8.700992e-06, 8.249667e-06) (4.785815e-06, 4.250140e-06, 7.439794e-06) )
				((3.523831e-07, 8.560362e-06, 8.209019e-06) (4.638393e-06, 3.265289e-06, 7.925510e-06) )
				((9.173662e-07, 7.953285e-06, 8.350343e-06) (5.961845e-06, 2.893297e-06, 8.128296e-06) )
				((6.752369e-07, 7.946174e-06, 7.749273e-06) (6.230831e-06, 3.329688e-06, 7.968465e-06) )
				((9.789580e-07, 7.961802e-06, 8.414262e-06) (6.444396e-06, 4.007749e-06, 8.117584e-06) )
				((7.308840e-07, 8.450100e-06, 8.153501e-06) (6.030100e-06, 4.093366e-06, 7.864937e-06) )
				((1.178405e-06, 8.547287e-06, 7.966475e-06) (6.513706e-06, 3.909123e-06, 8.555119e-06) )
				((1.129473e-06, 8.395456e-06, 8.410966e-06) (6.495494e-06, 4.366944e-06, 9.489327e-06) )
				((9.152338e-07, 8.820661e-06, 8.524596e-06) (6.123095e-06, 4.174445e-06, 9.560616e-06) )
				((6.792138e-07, 8.355215e-06, 8.708654e-06) (6.290846e-06, 4.109652e-06, 9.299142e-06) )
				((6.566925e-08, 8.175477e-06, 8.086325e-06) (6.029302e-06, 3.584154e-06, 8.809842e-06) )
				((9.658779e-09, 8.785658e-06, 7.347400e-06) (5.941278e-06, 3.588359e-06, 9.426604e-06) )
				((1.228387e-07, 7.655883e-06, 7.467206e-06) (6.002952e-06, 3.471623e-06, 8.946163e-06) )
				((8.400499e-07, 7.627041e-06, 8.137966e-06) (5.858030e-06, 4.027266e-06, 8.008901e-06) )
				((1.882769e-06, 7.959660e-06, 7.950031e-06) (5.990116e-06, 3.883857e-06, 8.673527e-06) )
				((1.640962e-06, 7.739113e-06, 8.057610e-06) (5.811987e-06, 4.096287e-06, 8.796854e-06) )
				((2.275225e-06, 7.380870e-06, 8.060436e-06) (4.861386e-06, 3.998437e-06, 9.323216e-06) )
				((3.060325e-06, 7.179969e-06, 7.964886e-06) (4.648693e-06, 4.146357e-06, 9.565506e-06) )
				((3.527090e-06, 7.038503e-06, 8.854335e-06) (4.973300e-06, 3.938269e-06, 9.819322e-06) )
				((3.515769e-06, 5.764064e-06, 9.058716e-06) (5.283202e-06, 4.105850e-06, 9.204616e-06) )
				((3.055849e-06, 5.684382e-06, 9.390883e-06) (5.696580e-06, 4.303736e-06, 9.842682e-06) )
				((4.036646e-06, 5.894579e-06, 9.163945e-06) (6.158073e-06, 4.512978e-06, 9.341412e-06) )
				((4.694758e-06, 5.890103e-06, 9.431312e-06) (6.007424e-06, 5.195512e-06, 8.485732e-06) )
				((4.277683e-06, 6.114602e-06, 9.015286e-06) (6.521260e-06, 5.562807e-06, 8.261237e-06) )
				((4.833552e-06, 6.239768e-06, 9.120178e-06) (6.442062e-06, 6.161261e-06, 8.939876e-06) )
				((4.225056e-06, 5.351871e-06, 8.660735e-06) (6.866830e-06, 5.781349e-06, 9.275660e-06) )
				((4.735886e-06, 5.056612e-06, 8.705074e-06) (6.726980e-06, 5.546876e-06, 9.795436e-06) )
				((5.625089e-06, 4.772760e-06, 8.602534e-06) (6.801222e-06, 5.861343e-06, 9.759577e-06) )
				((6.073480e-06, 5.114295e-06, 8.676709e-06) (6.332330e-06, 6.160947e-06, 9.980449e-06) )
				((6.779142e-06, 4.546033e-06, 9.198839e-06) (5.485005e-06, 6.188431e-06, 9.387876e-06) )
				((7.290659e-06, 4.408432e-06, 7.821307e-06) (6.620817e-06, 6.882401e-06, 9.632743e-06) )
				((7.157130e-06, 4.304428e-06, 8.243222e-06) (6.167982e-06, 7.043788e-06, 9.455589e-06) )
				((7.158849e-06, 4.007887e-06, 7.083607e-06) (6.804671e-06, 7.065268e-06, 8.929452e-06) )
				((7.305642e-06, 3.978386e-06, 7.474739e-06) (6.172690e-06, 6.620646e-06, 8.883324e-06) )
				((7.066303e-06, 4.458618e-06, 7.554737e-06) (6.941543e-06, 6.966707e-06, 8.222299e-06) )
				((6.760959e-06, 4.584066e-06, 7.573849e-06) (6.909646e-06, 7.057160e-06, 8.296337e-06) )
				((6.162455e-06, 4.346123e-06, 7.467883e-06) (7.030895e-06, 7.215303e-06, 8.031433e-06) )
				((6.341630e-06, 4.268893e-06, 7.598104e-06) (7.571396e-06, 6.997048e-06, 7.737135e-06) )
				((6.464488e-06, 3.787686e-06, 7.130686e-06) (7.780776e-06, 7.957267e-06, 7.976070e-06) )
				((6.147207e-06, 3.687420e-06, 5.941054e-06) (7.664581e-06, 8.128687e-06, 8.691551e-06) )
				((5.880945e-06, 3.199769e-06, 5.804323e-06) (8.077310e-06, 6.971456e-06, 8.392205e-06) )
				((5.965070e-06, 3.063494e-06, 5.167259e-06) (7.490052e-06, 7.422612e-06, 8.441764e-06) )
				((5.575126e-06, 3.630604e-06, 4.883816e-06) (6.577223e-06, 7.976089e-06, 7.976577e-06) )
				((4.864433e-06, 2.714067e-06, 4.930986e-06) (6.270498e-06, 7.612883e-06, 7.916324e-06) )
				((4.522464e-06, 2.707586e-06, 4.570303e-06) (5.660160e-06, 7.893294e-06, 7.466648e-06) )
				((4.483150e-06, 2.531910e-06, 4.634647e-06) (5.715427e-06, 7.500008e-06, 7.572909e-06) )
				((5.646765e-06, 3.119026e-06, 5.298989e-06) (5.121898e-06, 7.567383e-06, 7.506112e-06) )
				((6.711126e-06, 2.982106e-06, 4.594725e-06) (5.091521e-06, 7.888669e-06, 7.035536e-06) )
				((7.085478e-06, 2.804728e-06, 3.995582e-06) (4.592544e-06, 7.588355e-06, 6.972351e-06) )
				((6.956799e-06, 3.042181e-06, 4.453660e-06) (5.343603e-06, 7.451709e-06, 7.153328e-06) )
				((7.178403e-06, 3.006005e-06, 4.071269e-06) (5.140352e-06, 7.512715e-06, 7.200579e-06) )
				((7.395165e-06, 3.329805e-06, 4.146020e-06) (5.393416e-06, 7.720460e-06, 7.716350e-06) )
				((7.053218e-06, 2.516119e-06, 3.947626e-06) (4.593603e-06, 7.292570e-06, 8.264003e-06) )
				((6.666469e-06, 3.042616e-06, 3.699142e-06) (4.109962e-06, 7.083115e-06, 8.250993e-06) )
				((6.871179e-06, 3.095118e-06, 3.834431e-06) (3.719482e-06, 6.982929e-06, 7.545334e-06) )
				((6.934533e-06, 2.879164e-06, 4.408573e-06) (3.460951e-06, 7.345382e-06, 7.208399e-06) )
				((7.097772e-06, 3.159429e-06, 3.964283e-06) (3.394885e-06, 7.264105e-06, 7.158335e-06) )
				((7.823653e-06, 3.194768e-06, 4.879783e-06) (3.337259e-06, 6.844294e-06, 6.479743e-06) )
				((7.791245e-06, 3.325011e-06, 4.491019e-06) (3.681612e-06, 6.415428e-06, 6.131612e-06) )
				((8.277635e-06, 3.035134e-06, 3.212972e-06) (3.940569e-06, 6.658429e-06, 6.259642e-06) )
				((9.578101e-06, 2.230884e-06, 3.268816e-06) (3.798243e-06, 6.922325e-06, 5.760120e-06) )
				((8.994052e-06, 2.486937e-06, 4.448449e-06) (3.533470e-06, 7.364230e-06, 5.813351e-06) )
				((9.277446e-06, 2.113603e-06, 4.570885e-06) (3.856032e-06, 7.703831e-06, 6.364198e-06) )
				((9.342360e-06, 2.672154e-06, 5.176748e-06) (3.665672e-06, 8.306089e-06, 6.126262e-06) )
				((9.473515e-06, 2.924382e-06, 5.547924e-06) (3.989802e-06, 8.708220e-06, 5.607678e-06) )
				((9.712292e-06, 2.743390e-06, 5.906556e-06) (3.393637e-06, 7.840072e-06, 5.416383e-06) )
				((9.593324e-06, 2.549735e-06, 5.223527e-06) (3.213891e-06, 8.038958e-06, 4.510466e-06) )
				((9.772781e-06, 1.938107e-06, 5.302769e-06) (4.060697e-06, 7.976131e-06, 4.714880e-06) )
				((9.913633e-06, 1.251754e-06, 4.876507e-06) (4.186770e-06, 7.957475e-06, 4.128257e-06) )
				((9.629764e-06, 1.149721e-06, 5.101160e-06) (3.992580e-06, 7.791921e-06, 4.081410e-06) )
				((9.432015e-06, 1.573022e-06, 4.920533e-06) (4.568939e-06, 8.318550e-06, 4.299447e-06) )
				((9.711369e-06, 2.090017e-06, 4.964709e-06) (4.707868e-06, 8.462728e-06, 4.561343e-06) )
				((9.405853e-06, 2.210504e-06, 5.488019e-06) (5.203909e-06, 8.656094e-06, 5.126220e-06) )
				((9.301412e-06, 1.785898e-06, 4.678204e-06) (5.411300e-06, 8.824877e-06, 5.517550e-06) )
				((8.748901e-06, 2.018453e-06, 4.556538e-06) (6.000979e-06, 9.322614e-06, 6.275224e-06) )
				((8.731073e-06, 2.634004e-06, 4.754606e-06) (5.743924e-06, 9.695905e-06, 6.064877e-06) )
				((8.497992e-06, 3.285105e-06, 4.748177e-06) (5.644999e-06, 9.508208e-06, 5.845207e-06) )
				((8.609450e-06, 3.867486e-06, 4.776655e-06) (5.520711e-06, 9.269628e-06, 6.497980e-06) )
				((8.289706e-06, 3.932674e-06, 5.313920e-06) (6.319036e-06, 8.912248e-06, 5.606255e-06) )
				((8.330328e-06, 4.020572e-06, 5.066104e-06) (6.075904e-06, 9.797081e-06, 5.746988e-06) )
				((7.886237e-06, 3.458449e-06, 5.567879e-06) (6.018191e-06, 9.722952e-06, 5.132718e-06) )
				((7.666984e-06, 3.301824e-06, 6.500926e-06) (5.408255e-06, 9.658706e-06, 5.912632e-06) )
				((8.849530e-06, 2.770169e-06, 6.931201e-06) (4.944418e-06, 9.897063e-06, 5.814313e-06) )
				((9.186231e-06, 2.807406e-06, 6.311664e-06) (5.294146e-06, 9.997795e-06, 5.762156e-06) )
				((9.396963e-06, 3.449229e-06, 6.269803e-06) (6.040486e-06, 9.385729e-06, 5.556115e-06) )
				((8.667177e-06, 3.651425e-06, 6.459452e-06) (7.033108e-06, 9.277722e-06, 5.738954e-06) )
				((8.621720e-06, 3.456807e-06, 6.686824e-06) (6.375438e-06, 9.396128e-06, 6.239227e-06) )
				((8.484369e-06, 2.871705e-06, 7.472087e-06) (6.414159e-06, 9.647174e-06, 7.059420e-06) )
				((8.745247e-06, 2.681872e-06, 7.139636e-06) (7.311926e-06, 9.755013e-06, 6.634479e-06) )
				((9.285265e-06, 2.876441e-06, 7.550120e-06) (5.914303e-06, 9.770187e-06, 6.580804e-06) )
				((9.176837e-06, 2.677263e-06, 8.054497e-06) (5.976512e-06, 9.478509e-06, 7.500278e-06) )
				((9.776871e-06, 3.366602e-06, 7.520510e-06) (6.422778e-06, 9.891206e-06, 8.385804e-06) )
				((9.103831e-06, 3.332163e-06, 7.356436e-06) (5.936107e-06, 9.973015e-06, 8.337527e-06) )
				((8.703980e-06, 3.754126e-06, 7.109937e-06) (5.829583e-06, 9.863863e-06, 7.930935e-06) )
				((8.984614e-06, 4.115827e-06, 7.570792e-06) (5.622511e-06, 9.995715e-06, 8.915985e-06) )
				((8.298917e-06, 3.699810e-06, 8.233427e-06) (6.833873e-06, 9.889787e-06, 8.825392e-06) )
				((8.321491e-06, 3.580717e-06, 7.528827e-06) (6.963431e-06, 9.866439e-06, 9.057514e-06) )
				((7.961423e-06, 3.530431e-06, 7.805522e-06) (6.875177e-06, 9.513725e-06, 8.993462e-06) )
				((7.896355e-06, 3.963269e-06, 7.685264e-06) (6.807828e-06, 8.899789e-06, 9.399425e-06) )
				((8.149519e-06, 3.262396e-06, 7.921144e-06) (7.528334e-06, 7.911115e-06, 9.925058e-06) )
				((7.926447e-06, 3.478773e-06, 8.296508e-06) (7.561327e-06, 7.683885e-06, 9.689782e-06) )
				((7.752163e-06, 3.792247e-06, 8.124261e-06) (7.966138e-06, 7.543742e-06, 9.273802e-06) )
				((7.468616e-06, 3.962163e-06, 7.238962e-06) (7.700697e-06, 8.128962e-06, 8.750408e-06) )
				((7.820019e-06, 3.389612e-06, 7.316017e-06) (7.983730e-06, 7.823174e-06, 8.600771e-06) )
				((8.942079e-06, 2.575690e-06, 8.012417e-06) (8.646749e-06, 7.162839e-06, 8.523109e-06) )
				((8.368668e-06, 2.905417e-06, 7.675737e-06) (7.568658e-06, 7.479317e-06, 8.599643e-06) )
				((8.240308e-06, 3.354443e-06, 7.956710e-06) (7.497398e-06, 7.047825e-06, 9.570002e-06) )
				((8.342738e-06, 3.062457e-06, 8.154660e-06) (8.013650e-06, 7.917833e-06, 9.763407e-06) )
				((8.486237e-06, 2.323252e-06, 7.976681e-06) (7.808142e-06, 8.246240e-06, 9.492411e-06) )
				((7.899415e-06, 2.485445e-06, 7.746068e-06) (7.456968e-06, 8.126402e-06, 9.431737e-06) )
				((7.812021e-06, 1.974827e-06, 7.953920e-06) (7.479971e-06, 8.008861e-06, 8.752299e-06) )
				((7.681786e-06, 2.609987e-06, 8.603545e-06) (7.726820e-06, 7.406815e-06, 9.168336e-06) )
				((8.536531e-06, 3.024005e-06, 8.740945e-06) (7.887873e-06, 7.637493e-06, 9.431864e-06) )
				((8.321116e-06, 2.987214e-06, 8.145153e-06) (8.012657e-06, 7.587357e-06, 9.203594e-06) )
				((8.590444e-06, 2.973616e-06, 7.652355e-06) (8.076541e-06, 7.625704e-06, 9.052610e-06) )
				((8.800803e-06, 2.755335e-06, 7.499191e-06) (8.246422e-06, 7.529620e-06, 9.508353e-06) )
				((9.850374e-06, 2.419277e-06, 7.602366e-06) (8.600728e-06, 7.667345e-06, 9.915490e-06) )
				((9.732624e-06, 2.746821e-06, 8.161331e-06) (8.343578e-06, 7.906241e-06, 9.992653e-06) )
				((9.129190e-06, 2.284974e-06, 8.160077e-06) (8.152931e-06, 7.531735e-06, 9.564361e-06) )
				((8.948897e-06, 1.973573e-06, 8.240489e-06) (7.805263e-06, 7.327685e-06, 9.234229e-06) )
				((8.688613e-06, 2.338666e-06, 8.707734e-06) (7.920386e-06, 6.627857e-06, 9.173130e-06) )
				((9.560295e-06, 2.480043e-06, 9.022917e-06) (7.381481e-06, 7.221624e-06, 9.267815e-06) )
				((9.405488e-06, 2.157426e-06, 8.893062e-06) (7.383503e-06, 7.541791e-06, 8.945307e-06) )
				((9.592218e-06, 2.397949e-06, 9.007615e-06) (7.412180e-06, 7.894468e-06, 8.849500e-06) )
				((9.519277e-06, 2.018742e-06, 9.065810e-06) (7.408859e-06, 8.224301e-06, 8.759405e-06) )
				((9.152775e-06, 2.356860e-06, 9.074857e-06) (7.129576e-06, 8.413941e-06, 8.532614e-06) )
				((9.465555e-06, 2.457604e-06, 7.988950e-06) (7.812056e-06, 8.773592e-06, 8.636629e-06) )
				((9.710504e-06, 2.781711e-06, 7.863686e-06) (7.845236e-06, 8.408266e-06, 8.544531e-06) )
				((8.676428e-06, 2.727527e-06, 7.552323e-06) (8.037098e-06, 8.421301e-06, 8.237574e-06) )
				((7.702671e-06, 2.766216e-06, 7.380481e-06) (9.128952e-06, 7.931443e-06, 7.750980e-06) )
				((7.354125e-06, 1.980761e-06, 7.239499e-06) (8.925967e-06, 7.890853e-06, 7.993631e-06) )
				((7.953379e-06, 2.176675e-06, 8.228812e-06) (9.302425e-06, 7.404215e-06, 7.723733e-06) )
				((8.218959e-06, 1.986669e-06, 8.683008e-06) (9.912556e-06, 7.116008e-06, 7.585021e-06) )
				((7.800009e-06, 1.316273e-06, 8.298605e-06) (9.681084e-06, 6.939871e-06, 7.615975e-06) )
				((7.688027e-06, 1.113461e-06, 8.772740e-06) (9.504958e-06, 6.443610e-06, 7.876328e-06) )
				((7.795831e-06, 1.052362e-06, 8.648853e-06) (9.606070e-06, 6.916582e-06, 7.941561e-06) )
				((7.607348e-06, 4.053433e-07, 8.650375e-06) (9.553882e-06, 7.067073e-06, 7.173674e-06) )
				((7.881461e-06, 6.306055e-07, 8.068572e-06) (9.374186e-06, 6.251751e-06, 7.379106e-06) )
				((7.476448e-06, 1.080082e-07, 8.799402e-06) (9.980762e-06, 7.199732e-06, 6.863841e-06) )
				((7.022964e-06, 3.794077e-07, 8.801165e-06) (9.618515e-06, 7.073972e-06, 6.344513e-06) )
				((7.313933e-06, 6.162231e-07, 8.647697e-06) (9.370781e-06, 6.697189e-06, 6.619475e-06) )
				((7.341395e-06, 6.573685e-07, 8.497161e-06) (9.671994e-06, 7.200511e-06, 5.968382e-06) )
				((7.055008e-06, 4.770012e-07, 8.458259e-06) (9.634284e-06, 5.978545e-06, 5.973994e-06) )
				((7.387590e-06, 1.122802e-07, 8.460563e-06) (9.755193e-06, 6.207538e-06, 6.335531e-06) )
				((7.404861e-06, 3.265181e-08, 8.855455e-06) (9.965265e-06, 5.791969e-06, 6.862267e-06) )
				((7.119306e-06, 2.174836e-07, 8.474449e-06) (9.705129e-06, 5.571561e-06, 8.126047e-06) )
				((6.703272e-06, 1.095929e-06, 8.728565e-06) (9.891123e-06, 5.311490e-06, 7.963306e-06) )
				((6.330027e-06, 1.448055e-06, 8.027837e-06) (8.923718e-06, 5.458679e-06, 7.922208e-06) )
				((6.305121e-06, 1.917783e-06, 8.373316e-06) (9.566266e-06, 5.554434e-06, 8.156601e-06) )
				((6.667461e-06, 2.315032e-06, 8.989506e-06) (9.170958e-06, 5.542660e-06, 8.062216e-06) )
				((6.973267e-06, 2.336964e-06, 9.932032e-06) (8.149944e-06, 5.958269e-06, 8.286657e-06) )
				((6.788140e-06, 2.215217e-06, 9.518243e-06) (8.373757e-06, 6.043642e-06, 8.888178e-06) )
				((6.779297e-06, 2.912797e-06, 9.355589e-06) (7.812035e-06, 5.148471e-06, 9.319139e-06) )
				((6.067493e-06, 3.186635e-06, 9.730017e-06) (7.871610e-06, 4.194428e-06, 8.444689e-06) )
				((6.411329e-06, 3.673490e-06, 9.564122e-06) (8.424936e-06, 4.310607e-06, 8.320634e-06) )
				((7.321571e-06, 3.336526e-06, 9.988972e-06) (7.917747e-06, 4.552737e-06, 8.649032e-06) )
				((7.679258e-06, 3.694061e-06, 9.858138e-06) (7.982594e-06, 4.277347e-06, 8.665434e-06) )
				((7.404000e-06, 3.738873e-06, 9.616461e-06) (8.536284e-06, 4.117828e-06, 8.949453e-06) )
				((7.428031e-06, 4.726553e-06, 9.465923e-06) (8.701816e-06, 3.837530e-06, 9.291164e-06) )
				((7.744071e-06, 4.840681e-06, 9.197308e-06) (8.454617e-06, 4.118055e-06, 9.714161e-06) )
				((7.359677e-06, 4.365179e-06, 9.905195e-06) (7.903985e-06, 4.773440e-06, 9.069157e-06) )
				((7.531706e-06, 4.648062e-06, 9.875048e-06) (8.324265e-06, 4.760855e-06, 8.550915e-06) )
				((7.572769e-06, 4.911438e-06, 9.949961e-06) (8.350235e-06, 4.579023e-06, 8.913308e-06) )
				((8.480092e-06, 4.794550e-06, 9.773470e-06) (7.982156e-06, 4.971029e-06, 9.139478e-06) )
				((9.237181e-06, 5.683226e-06, 9.895317e-06) (8.288374e-06, 4.619972e-06, 9.880736e-06) )
				((9.530678e-06, 6.341057e-06, 8.781942e-06) (8.474994e-06, 4.445001e-06, 9.420372e-06) )
				((9.160482e-06, 7.373800e-06, 8.438760e-06) (8.102401e-06, 4.524948e-06, 9.584421e-06) )
				((8.993227e-06, 7.657687e-06, 8.644383e-06) (7.315733e-06, 4.136765e-06, 9.426833e-06) )
				((8.905377e-06, 7.352202e-06, 8.730066e-06) (8.174985e-06, 4.443915e-06, 8.858857e-06) )
				((8.912827e-06, 7.279022e-06, 9.086742e-06) (8.215219e-06, 4.634200e-06, 8.889187e-06) )
				((8.575111e-06, 7.668131e-06, 8.589172e-06) (7.985608e-06, 3.956215e-06, 9.130503e-06) )
				((8.018584e-06, 7.058443e-06, 8.413898e-06) (8.357252e-06, 4.010175e-06, 9.931380e-06) )
				((8.018909e-06, 7.141757e-06, 9.042918e-06) (7.587300e-06, 4.014108e-06, 9.398130e-06) )
				((7.737031e-06, 7.205725e-06, 9.275776e-06) (8.107295e-06, 3.786942e-06, 9.919893e-06) )
				((7.581603e-06, 7.119120e-06, 9.251651e-06) (8.086178e-06, 3.933296e-06, 9.763730e-06) )
				((8.164456e-06, 6.393041e-06, 9.776164e-06) (8.053256e-06, 4.815133e-06, 8.980881e-06) )
				((8.010121e-06, 6.178924e-06, 9.825385e-06) (8.372208e-06, 4.717041e-06, 9.212994e-06) )
				((7.552635e-06, 5.965844e-06, 9.896325e-06) (7.811028e-06, 5.234335e-06, 8.816845e-06) )
				((7.797747e-06, 6.116917e-06, 9.588269e-06) (8.494645e-06, 4.928102e-06, 8.889631e-06) )
				((8.511767e-06, 5.944442e-06, 9.253950e-06) (8.957085e-06, 4.289898e-06, 8.121469e-06) )
				((8.868619e-06, 6.222321e-06, 8.403497e-06) (8.889021e-06, 4.219448e-06, 8.329243e-06) )
				((8.378469e-06, 6.568974e-06, 7.590154e-06) (9.002880e-06, 4.589732e-06, 7.509291e-06) )

